0.038148424969548775
0.042181327708441546
0.041995838450036876
0.08782673669183759
0.23789313823213104
0.4035477909080401
0.670247231875536
0.4968340372672537
0.18273896158885397
0.18293095615757282
0.07008285915936936
0.0
0.0
0.0
0.0
0.0
0.0
0.0
0.0
0.0
0.0
0.0
0.0
0.0
0.0
0.0
0.0
0.0
0.0
0.0
0.0
0.0
0.0
0.0
0.0
0.0
0.09178263618517267
0.21299659771951446
0.5460930980422687
0.18917352251353836
0.15130914131104448
0.2859154265248423
0.4528048035447208
0.17852802691334932
0.08021596075976285
0.16959387460380057
0.48524312170866696
0.0
0.0
0.0
0.0
0.0
0.0
0.0
0.0
0.0
0.0
0.0
0.0
0.0
0.0
0.0
0.0
0.0
0.0
0.0
0.0
0.0
0.0
0.0
0.0
0.0
0.19924770344286802
0.2423972203463018
0.19437198929212207
0.24009161740806104
0.2238210236682858
0.28896520909278445
0.42861982795336656
0.3491403073530323
0.26699069192735836
0.39241393549987275
0.37634572547657114
0.0
0.0
0.0
0.0
0.0
0.0
0.0
0.0
0.0
0.0
0.0
0.0
0.0
0.0
0.0
0.0
0.0
0.0
0.0
0.0
0.0
0.0
0.0
0.0
0.0
0.10099506570773095
0.11626194205735976
0.2694332031381053
0.15799211884527772
0.17412808714161715
0.41503285376509896
0.7516403348909001
0.15912755576243728
0.16322771196974434
0.11465682364950189
0.2146632043997263
0.0
0.0
0.0
0.0
0.0
0.0
0.0
0.0
0.0
0.0
0.0
0.0
0.0
0.0
0.0
0.0
0.0
0.0
0.0
0.0
0.0
0.0
0.0
0.0
0.0
0.10876605981412765
0.1312570697974728
0.15428392696812981
0.14634026745207745
0.1782089252963581
0.3912841955008251
0.7392976952004158
0.3635654803964516
0.17328791007106428
0.1325538512730169
0.12050151546504127
0.0
0.0
0.0
0.0
0.0
0.0
0.0
0.0
0.0
0.0
0.0
0.0
0.0
0.0
0.0
0.0
0.0
0.0
0.0
0.0
0.0
0.0
0.0
0.0
0.0
0.314434401806091
0.1352914852252476
0.595016959991706
0.09873142791921273
0.17790896845323909
0.20810730422789506
0.4449739991052788
0.2972139919727341
0.12483979811950216
0.21472511853618761
0.3099097024804901
0.0
0.0
0.0
0.0
0.0
0.0
0.0
0.0
0.0
0.0
0.0
0.0
0.0
0.0
0.0
0.0
0.0
0.0
0.0
0.0
0.0
0.0
0.0
0.0
0.0
0.18182685985180955
0.10507985668227837
0.13748928811418856
0.08467032453144759
0.09677986117749882
0.13997939706680051
0.32376445982676944
0.4079334821392025
0.7006018703905397
0.3341495203938939
0.16471867334824983
0.0
0.0
0.0
0.0
0.0
0.0
0.0
0.0
0.0
0.0
0.0
0.0
0.0
0.0
0.0
0.0
0.0
0.0
0.0
0.0
0.0
0.0
0.0
0.0
0.0
0.004215808340414364
0.005438722449782787
0.008008037959643177
0.015699233757940127
0.027451332607779814
0.12849897154952458
0.9667165943527599
0.21089177960869487
0.050089199705760555
0.02731708683765304
0.010248103746185379
0.0
0.0
0.0
0.0
0.0
0.0
0.0
0.0
0.0
0.0
0.0
0.0
0.0
0.0
0.0
0.0
0.0
0.0
0.0
0.0
0.0
0.0
0.0
0.0
0.0
0.3979143282792029
0.2751459778663991
0.0772115258790744
0.18152755322052458
0.29558902256143943
0.4586500846377389
0.47175697748164397
0.3725926728982049
0.19468421017215976
0.11908141387286848
0.12589664407700446
0.0
0.0
0.0
0.0
0.0
0.0
0.0
0.0
0.0
0.0
0.0
0.0
0.0
0.0
0.0
0.0
0.0
0.0
0.0
0.0
0.0
0.0
0.0
0.0
0.0
0.1476193045199175
0.1264577016053924
0.03271558957938013
0.06156878221810596
0.10021989066976895
0.45327047669231035
0.6351626901324601
0.5205227018885218
0.22887577210923774
0.10016366412864533
0.07117169084509381
0.0
0.0
0.0
0.0
0.0
0.0
0.0
0.0
0.0
0.0
0.0
0.0
0.0
0.0
0.0
0.0
0.0
0.0
0.0
0.0
0.0
0.0
0.0
0.0
0.0
0.4421635239574599
0.43859264364885414
0.13104947602506606
0.23967789868892153
0.4878813442479401
0.33855336468333397
0.24651064933341327
0.19707905233476766
0.1962000319266643
0.187022412926423
0.10854665061561505
0.0
0.0
0.0
0.0
0.0
0.0
0.0
0.0
0.0
0.0
0.0
0.0
0.0
0.0
0.0
0.0
0.0
0.0
0.0
0.0
0.0
0.0
0.0
0.0
0.0
0.06479895501147845
0.1355153503238212
0.13876180361929327
0.16319985317349597
0.23606132183125716
0.4478912988276587
0.7159368605836574
0.34209183952224065
0.06199191625929344
0.1426485112303929
0.14639699914415752
0.0
0.0
0.0
0.0
0.0
0.0
0.0
0.0
0.0
0.0
0.0
0.0
0.0
0.0
0.0
0.0
0.0
0.0
0.0
0.0
0.0
0.0
0.0
0.0
0.0
0.39810436289868845
0.13790836201288828
0.017363484234430408
0.1450218481082929
0.26136595580151356
0.43988921377859025
0.549648726247651
0.44498961845035073
0.17642125535726288
0.07268265286511723
0.053009239761240196
0.0
0.0
0.0
0.0
0.0
0.0
0.0
0.0
0.0
0.0
0.0
0.0
0.0
0.0
0.0
0.0
0.0
0.0
0.0
0.0
0.0
0.0
0.0
0.0
0.0
0.19494836484588918
0.24080356638508382
0.215308559438146
0.20248361156622222
0.21707161567175529
0.3415632514720014
0.4805520825258175
0.543435482985263
0.2110253957022515
0.18092392200803542
0.2221446291946948
0.0
0.0
0.0
0.0
0.0
0.0
0.0
0.0
0.0
0.0
0.0
0.0
0.0
0.0
0.0
0.0
0.0
0.0
0.0
0.0
0.0
0.0
0.0
0.0
0.0
0.3179144592230946
0.18642089556594715
0.16607513740293467
0.0455131940650027
0.15613598932341427
0.2711772930075981
0.6315018594167072
0.5149246042138913
0.20181378093893584
0.1223315483748348
0.13028398379962391
0.0
0.0
0.0
0.0
0.0
0.0
0.0
0.0
0.0
0.0
0.0
0.0
0.0
0.0
0.0
0.0
0.0
0.0
0.0
0.0
0.0
0.0
0.0
0.0
0.0
0.07755664287937739
0.07356346240783608
0.01128702638164959
0.01018268414674596
0.060026414707964736
0.3264333485729076
0.8971024470100909
0.26674490373119863
0.039968811008492915
0.024730763881064897
0.0050633947142418945
0.0
0.0
0.0
0.0
0.0
0.0
0.0
0.0
0.0
0.0
0.0
0.0
0.0
0.0
0.0
0.0
0.0
0.0
0.0
0.0
0.0
0.0
0.0
0.0
0.0
0.4700677899970521
0.07799855675691075
0.06609339428972481
0.055189807219688865
0.06668305840140588
0.35021709880470503
0.679710465066971
0.3843868096249918
0.1377747903042353
0.07145603331034826
0.06776582113004913
0.0
0.0
0.0
0.0
0.0
0.0
0.0
0.0
0.0
0.0
0.0
0.0
0.0
0.0
0.0
0.0
0.0
0.0
0.0
0.0
0.0
0.0
0.0
0.0
0.0
0.17359428859337728
0.10690494476776768
0.11760031929217234
0.0746542282795581
0.2837023904828795
0.2554991307548955
0.4095614129942798
0.6114736886618595
0.2834013034145022
0.39441304466729266
0.1254904105967511
0.0
0.0
0.0
0.0
0.0
0.0
0.0
0.0
0.0
0.0
0.0
0.0
0.0
0.0
0.0
0.0
0.0
0.0
0.0
0.0
0.0
0.0
0.0
0.0
0.0
0.006141409718017792
0.012039831385956939
0.006275668160820276
0.009574658144111863
0.008591959106183688
0.12745462657651463
0.9815155224414327
0.14110543152899416
0.00804934251032304
0.003156262002554913
0.003089717665260448
0.0
0.0
0.0
0.0
0.0
0.0
0.0
0.0
0.0
0.0
0.0
0.0
0.0
0.0
0.0
0.0
0.0
0.0
0.0
0.0
0.0
0.0
0.0
0.0
0.0
0.060464297737110186
0.1421541136566189
0.15457293968992503
0.19206814825753565
0.27632168413823605
0.44372746112619044
0.3189857799155555
0.5142129747828149
0.403552335421912
0.2841751513679382
0.179801727535951
0.0
0.0
0.0
0.0
0.0
0.0
0.0
0.0
0.0
0.0
0.0
0.0
0.0
0.0
0.0
0.0
0.0
0.0
0.0
0.0
0.0
0.0
0.0
0.0
0.0
0.0379323574371798
0.07138642720781208
0.11746510959020846
0.08182569359177362
0.3148604413354402
0.5825524299838007
0.4034817221639819
0.356828311132443
0.3945898313982531
0.2772018470901087
0.10863353142494236
0.0
0.0
0.0
0.0
0.0
0.0
0.0
0.0
0.0
0.0
0.0
0.0
0.0
0.0
0.0
0.0
0.0
0.0
0.0
0.0
0.0
0.0
0.0
0.0
0.0
0.13173853823231785
0.24093813250983717
0.33339908129611656
0.47247917196027556
0.29812206885639203
0.4714186617084585
0.22440661973350579
0.3042750984301769
0.17676552166349152
0.24953244568255908
0.20648432955872206
0.0
0.0
0.0
0.0
0.0
0.0
0.0
0.0
0.0
0.0
0.0
0.0
0.0
0.0
0.0
0.0
0.0
0.0
0.0
0.0
0.0
0.0
0.0
0.0
0.0
0.13538012090151547
0.15922260505026709
0.16096179969783875
0.21302797126532622
0.21258555813151278
0.2606821251016842
0.7175920270830579
0.34487575089747274
0.26559067721486856
0.21141236108178366
0.15090322195631983
0.0
0.0
0.0
0.0
0.0
0.0
0.0
0.0
0.0
0.0
0.0
0.0
0.0
0.0
0.0
0.0
0.0
0.0
0.0
0.0
0.0
0.0
0.0
0.0
0.0
0.02694888138737466
0.22508020455356803
0.28747887867088123
0.33883505687131216
0.34506565602075545
0.40271143042365365
0.35404678552285396
0.3504308555362294
0.34315413028189934
0.26975676896827
0.176743238398798
0.0
0.0
0.0
0.0
0.0
0.0
0.0
0.0
0.0
0.0
0.0
0.0
0.0
0.0
0.0
0.0
0.0
0.0
0.0
0.0
0.0
0.0
0.0
0.0
0.0
0.171452822961804
0.1612401610838121
0.5976569907214482
0.2121909681195642
0.27198832938041095
0.3815367261697312
0.2646934975231523
0.19294953958938266
0.22130338360248933
0.26509716400911754
0.31031413646257694
0.0
0.0
0.0
0.0
0.0
0.0
0.0
0.0
0.0
0.0
0.0
0.0
0.0
0.0
0.0
0.0
0.0
0.0
0.0
0.0
0.0
0.0
0.0
0.0
0.0
0.0846830427324535
0.02320754218944856
0.07693366574442699
0.12606808661115843
0.06454725148070695
0.23052136407847476
0.8731635328742783
0.2921856071339909
0.13198936689543278
0.1439291731829234
0.16506971217574531
0.0
0.0
0.0
0.0
0.0
0.0
0.0
0.0
0.0
0.0
0.0
0.0
0.0
0.0
0.0
0.0
0.0
0.0
0.0
0.0
0.0
0.0
0.0
0.0
0.0
0.011015732694221122
0.009937934304167282
0.061633562346328025
0.06018717968468674
0.12531273879077395
0.47124651136682244
0.8423975930411505
0.18655774476971415
0.06453821752109624
0.0501578816474135
0.05885278245922421
0.0
0.0
0.0
0.0
0.0
0.0
0.0
0.0
0.0
0.0
0.0
0.0
0.0
0.0
0.0
0.0
0.0
0.0
0.0
0.0
0.0
0.0
0.0
0.0
0.0
0.06292121413127447
0.052540949292320865
0.2598361888744712
0.2836880776547992
0.1337434940772397
0.16541279498637965
0.755255819205989
0.27827155447458995
0.20225740952268123
0.18324042255363235
0.27875860778737294
0.0
0.0
0.0
0.0
0.0
0.0
0.0
0.0
0.0
0.0
0.0
0.0
0.0
0.0
0.0
0.0
0.0
0.0
0.0
0.0
0.0
0.0
0.0
0.0
0.0
0.09854783288923993
0.06255945950870183
0.5975916554356979
0.15130413152377278
0.14013340437266084
0.2502606011720179
0.27894656399554907
0.1803678125964091
0.11004632859231521
0.13696684647105503
0.6187764761378793
0.0
0.0
0.0
0.0
0.0
0.0
0.0
0.0
0.0
0.0
0.0
0.0
0.0
0.0
0.0
0.0
0.0
0.0
0.0
0.0
0.0
0.0
0.0
0.0
0.0
0.005870273270584737
0.008956155478274974
0.004102773763264946
0.025673667051733337
0.019477189492052953
0.11016263476071632
0.9866081316768611
0.11471707582953872
0.011754898932651638
0.000632142156475515
0.0
0.0
0.0
0.0
0.0
0.0
0.0
0.0
0.0
0.0
0.0
0.0
0.0
0.0
0.0
0.0
0.0
0.0
0.0
0.0
0.0
0.0
0.0
0.0
0.0
0.0
0.14462754265958402
0.17971026727826814
0.12460309620370148
0.23936733689292633
0.3345886561021037
0.3706539873145662
0.39824036135083285
0.45227039563466104
0.39264362607686165
0.29467380174430635
0.14312557552813773
0.0
0.0
0.0
0.0
0.0
0.0
0.0
0.0
0.0
0.0
0.0
0.0
0.0
0.0
0.0
0.0
0.0
0.0
0.0
0.0
0.0
0.0
0.0
0.0
0.0
0.16815631473608425
0.11713697057039675
0.4252679901720624
0.2909402356252968
0.27557744687873204
0.27055895418882325
0.2676214544330753
0.17771633506447754
0.36190153275545167
0.3500317590605343
0.43204042920304203
0.0
0.0
0.0
0.0
0.0
0.0
0.0
0.0
0.0
0.0
0.0
0.0
0.0
0.0
0.0
0.0
0.0
0.0
0.0
0.0
0.0
0.0
0.0
0.0
0.0
0.25960910638095136
0.3679071194178715
0.12520607588809682
0.2888113614217818
0.32473368865163504
0.22764301067091688
0.35910024398187895
0.4158524908844339
0.18945148678821033
0.4173445447985015
0.17009108226343803
0.0
0.0
0.0
0.0
0.0
0.0
0.0
0.0
0.0
0.0
0.0
0.0
0.0
0.0
0.0
0.0
0.0
0.0
0.0
0.0
0.0
0.0
0.0
0.0
0.0
0.16838413570832922
0.22285120376727732
0.26274155294451695
0.36473278944731985
0.45635666915856593
0.38561086474564354
0.3421595191082484
0.2695885633362165
0.11877428316744769
0.16402156703635382
0.3635963547549071
0.0
0.0
0.0
0.0
0.0
0.0
0.0
0.0
0.0
0.0
0.0
0.0
0.0
0.0
0.0
0.0
0.0
0.0
0.0
0.0
0.0
0.0
0.0
0.0
0.0
0.18940280771079504
0.22323835204514406
0.46247628754904774
0.30105547550337936
0.2925461449761544
0.195666992649204
0.0982782346951151
0.14181724764337655
0.19341976389062798
0.18580474795269367
0.6198373393155068
0.0
0.0
0.0
0.0
0.0
0.0
0.0
0.0
0.0
0.0
0.0
0.0
0.0
0.0
0.0
0.0
0.0
0.0
0.0
0.0
0.0
0.0
0.0
0.0
0.0
0.38403067248190687
0.13634549824837972
0.4229614332669285
0.15780085326551932
0.24141494838129082
0.10393448870950911
0.0661640918729048
0.2812621779688431
0.10438792064267165
0.2954401876964755
0.6159394993352301
0.0
0.0
0.0
0.0
0.0
0.0
0.0
0.0
0.0
0.0
0.0
0.0
0.0
0.0
0.0
0.0
0.0
0.0
0.0
0.0
0.0
0.0
0.0
0.0
0.0
0.10902211619223302
0.17865013260010723
0.5224215749325128
0.357008616708423
0.2905216477903031
0.3411850280789229
0.13890384571583345
0.31440684438632316
0.16471052439634493
0.3223704902799984
0.3252853681338821
0.0
0.0
0.0
0.0
0.0
0.0
0.0
0.0
0.0
0.0
0.0
0.0
0.0
0.0
0.0
0.0
0.0
0.0
0.0
0.0
0.0
0.0
0.0
0.0
0.0
0.09202968019363526
0.08986997809755162
0.5090276462954967
0.3481441242104623
0.364272747263279
0.3727344624601398
0.29990646284440486
0.21690426234130847
0.26182376218594644
0.22940076783361485
0.27082668807761356
0.0
0.0
0.0
0.0
0.0
0.0
0.0
0.0
0.0
0.0
0.0
0.0
0.0
0.0
0.0
0.0
0.0
0.0
0.0
0.0
0.0
0.0
0.0
0.0
0.0
0.29007424812758437
0.31670186583682863
0.5199986624777829
0.36996952446109527
0.12756963640849417
0.05490800016119684
0.038928716414838756
0.12741205922437276
0.1377439440413369
0.25737312860886413
0.5348161374504873
0.0
0.0
0.0
0.0
0.0
0.0
0.0
0.0
0.0
0.0
0.0
0.0
0.0
0.0
0.0
0.0
0.0
0.0
0.0
0.0
0.0
0.0
0.0
0.0
0.0
0.4387999163173793
0.11109967759288632
0.4997910753020198
0.32557326804138625
0.1950565140699509
0.09403619276756066
0.09110208138894386
0.06692506621528145
0.06976519780189415
0.2467693075961515
0.5602604272259842
0.0
0.0
0.0
0.0
0.0
0.0
0.0
0.0
0.0
0.0
0.0
0.0
0.0
0.0
0.0
0.0
0.0
0.0
0.0
0.0
0.0
0.0
0.0
0.0
0.0
0.004977692395314186
0.031148589860714854
0.13528484931176896
0.12056315264027054
0.03554477708727406
0.10292587860221777
0.9413411387924858
0.2465253791964815
0.060619223837716577
0.05228666878424826
0.031683873400692085
0.0
0.0
0.0
0.0
0.0
0.0
0.0
0.0
0.0
0.0
0.0
0.0
0.0
0.0
0.0
0.0
0.0
0.0
0.0
0.0
0.0
0.0
0.0
0.0
0.0
0.15086108072423995
0.28980993437526936
0.5017531808166109
0.44530179142987775
0.1226251898928338
0.14195982470311092
0.12568853040117756
0.2936626399692764
0.31832261016885427
0.2880359982691465
0.3488298927731555
0.0
0.0
0.0
0.0
0.0
0.0
0.0
0.0
0.0
0.0
0.0
0.0
0.0
0.0
0.0
0.0
0.0
0.0
0.0
0.0
0.0
0.0
0.0
0.0
0.0
0.3169269393735413
0.2168204533335218
0.3067788409505536
0.25854225708223855
0.2342881815925074
0.3400155005299637
0.475060348533516
0.4116847342773793
0.07773726578849438
0.2821924525358969
0.20061166362537172
0.0
0.0
0.0
0.0
0.0
0.0
0.0
0.0
0.0
0.0
0.0
0.0
0.0
0.0
0.0
0.0
0.0
0.0
0.0
0.0
0.0
0.0
0.0
0.0
0.0
0.12028806933303401
0.27746705437778185
0.2393400675805413
0.5977456068825294
0.45765455980145864
0.25571420255367733
0.34984873839864716
0.22158042014264023
0.15489971705235123
0.09278932549936579
0.122580922252432
0.0
0.0
0.0
0.0
0.0
0.0
0.0
0.0
0.0
0.0
0.0
0.0
0.0
0.0
0.0
0.0
0.0
0.0
0.0
0.0
0.0
0.0
0.0
0.0
0.0
0.20248105017532628
0.2810803141453026
0.16276723235952137
0.15099555771699602
0.11307208847048114
0.4716948918536341
0.6336327516200723
0.3882023681188735
0.16965470612536818
0.07254100488972547
0.09583644144124123
0.0
0.0
0.0
0.0
0.0
0.0
0.0
0.0
0.0
0.0
0.0
0.0
0.0
0.0
0.0
0.0
0.0
0.0
0.0
0.0
0.0
0.0
0.0
0.0
0.0
0.5572636521022286
0.3627586500780188
0.19584386537803286
0.18625045806335463
0.3340812649998931
0.21657185587167638
0.2918263575567076
0.3503749533725373
0.23406264486459102
0.20526046396816444
0.1465034471251572
0.0
0.0
0.0
0.0
0.0
0.0
0.0
0.0
0.0
0.0
0.0
0.0
0.0
0.0
0.0
0.0
0.0
0.0
0.0
0.0
0.0
0.0
0.0
0.0
0.0
0.497909562145496
0.18576292677265205
0.26160286260008664
0.19233728092693003
0.2513335837502011
0.22993181338868124
0.4797981095109342
0.41075125628767173
0.15472556587586306
0.1436278689122347
0.22938945176499353
0.0
0.0
0.0
0.0
0.0
0.0
0.0
0.0
0.0
0.0
0.0
0.0
0.0
0.0
0.0
0.0
0.0
0.0
0.0
0.0
0.0
0.0
0.0
0.0
0.0
0.41617483386004356
0.2844024995798181
0.12750912333770228
0.1266448734639279
0.102991357510553
0.33047485077265143
0.6333647105327207
0.42162691297620164
0.0813468829251017
0.03213862498216283
0.08500036352150109
0.0
0.0
0.0
0.0
0.0
0.0
0.0
0.0
0.0
0.0
0.0
0.0
0.0
0.0
0.0
0.0
0.0
0.0
0.0
0.0
0.0
0.0
0.0
0.0
0.0
0.36005166334725797
0.24625356190139863
0.06456009155509701
0.0414443263952945
0.08147184862029618
0.38172435354446566
0.7572465433909517
0.20946761960874558
0.1291742043887819
0.08858965277469497
0.09824504238342811
0.0
0.0
0.0
0.0
0.0
0.0
0.0
0.0
0.0
0.0
0.0
0.0
0.0
0.0
0.0
0.0
0.0
0.0
0.0
0.0
0.0
0.0
0.0
0.0
0.0
0.5641155079893287
0.40135785203266394
0.35836700704266583
0.15320069622224985
0.21230024002150694
0.18902583240692591
0.16064677087510018
0.27449195446789687
0.24034217045401599
0.2585062801017003
0.24948541471773092
0.0
0.0
0.0
0.0
0.0
0.0
0.0
0.0
0.0
0.0
0.0
0.0
0.0
0.0
0.0
0.0
0.0
0.0
0.0
0.0
0.0
0.0
0.0
0.0
0.0
0.16383030056884226
0.10672212649689343
0.04983459438580197
0.2294326944672267
0.6004549354385245
0.5918980967870683
0.4339655998460693
0.04845468198766976
0.04312031391465035
0.03807237286683314
0.04212862051722351
0.0
0.0
0.0
0.0
0.0
0.0
0.0
0.0
0.0
0.0
0.0
0.0
0.0
0.0
0.0
0.0
0.0
0.0
0.0
0.0
0.0
0.0
0.0
0.0
0.0
0.2774528829574398
0.24726046152731262
0.6808264105827695
0.28664274525627376
0.026655345825280168
0.0035265314833265223
0.002559704100567034
0.010549730063654204
0.3067221663665149
0.4637717070377926
0.07867668514021164
0.0
0.0
0.0
0.0
0.0
0.0
0.0
0.0
0.0
0.0
0.0
0.0
0.0
0.0
0.0
0.0
0.0
0.0
0.0
0.0
0.0
0.0
0.0
0.0
0.0
0.15271727940723018
0.13553532035742585
0.03362831212546804
0.029057680155137287
0.07104986987572293
0.07979442138751872
0.3159903045908618
0.7160246339703609
0.5539956594225629
0.1551693681521714
0.03724635740756589
0.0
0.0
0.0
0.0
0.0
0.0
0.0
0.0
0.0
0.0
0.0
0.0
0.0
0.0
0.0
0.0
0.0
0.0
0.0
0.0
0.0
0.0
0.0
0.0
0.0
0.27084335043098295
0.22825710834284207
0.4011029788333391
0.3767995246429609
0.4186982604254405
0.4695739626801432
0.2721756900452316
0.21206072868559958
0.0748893154126436
0.19682511676487907
0.11169268486778222
0.0
0.0
0.0
0.0
0.0
0.0
0.0
0.0
0.0
0.0
0.0
0.0
0.0
0.0
0.0
0.0
0.0
0.0
0.0
0.0
0.0
0.0
0.0
0.0
0.0
0.23637743880783194
0.5903465184155937
0.2782520856235638
0.36090615985166474
0.2988931664541782
0.30885981400730433
0.18358708050085526
0.11888808641471897
0.22257233851607797
0.21593350698925146
0.2433174614603166
0.0
0.0
0.0
0.0
0.0
0.0
0.0
0.0
0.0
0.0
0.0
0.0
0.0
0.0
0.0
0.0
0.0
0.0
0.0
0.0
0.0
0.0
0.0
0.0
0.0
0.15368413486305021
0.14256936927356215
0.301272794765732
0.2436944321826187
0.25407569273918446
0.3032539314060755
0.5472748891746052
0.4585367020049267
0.32171180056802706
0.1253352975057567
0.14287180655126966
0.0
0.0
0.0
0.0
0.0
0.0
0.0
0.0
0.0
0.0
0.0
0.0
0.0
0.0
0.0
0.0
0.0
0.0
0.0
0.0
0.0
0.0
0.0
0.0
0.0
0.2661402612161951
0.25310338654180364
0.2605074777303363
0.3144678280004057
0.3270998530453286
0.443674856961979
0.27068475517436036
0.21659324526786256
0.24985536885152707
0.2534577843989572
0.38426652120864546
0.0
0.0
0.0
0.0
0.0
0.0
0.0
0.0
0.0
0.0
0.0
0.0
0.0
0.0
0.0
0.0
0.0
0.0
0.0
0.0
0.0
0.0
0.0
0.0
0.0
0.3779803810797267
0.2779010826488386
0.13659666554315547
0.13636663198302126
0.19290091185123956
0.42691122186901825
0.3157161184976661
0.48970635218840824
0.383526420579143
0.1299502431628081
0.14040939940601008
0.0
0.0
0.0
0.0
0.0
0.0
0.0
0.0
0.0
0.0
0.0
0.0
0.0
0.0
0.0
0.0
0.0
0.0
0.0
0.0
0.0
0.0
0.0
0.0
0.0
0.19530135323770792
0.19397761133230224
0.01663074043328289
0.1279799943169869
0.21111611125602553
0.3354852999948995
0.7395027520775224
0.3818758235694869
0.17080947658962176
0.10612521908831192
0.1316142238954394
0.0
0.0
0.0
0.0
0.0
0.0
0.0
0.0
0.0
0.0
0.0
0.0
0.0
0.0
0.0
0.0
0.0
0.0
0.0
0.0
0.0
0.0
0.0
0.0
0.0
0.07115899283867119
0.04568048858247754
0.023478071908646012
0.027568346696677622
0.07806718224133659
0.39904758064484597
0.8847598061585609
0.20395327722947057
0.03444703932884235
0.023852121501734224
0.007254270072011045
0.0
0.0
0.0
0.0
0.0
0.0
0.0
0.0
0.0
0.0
0.0
0.0
0.0
0.0
0.0
0.0
0.0
0.0
0.0
0.0
0.0
0.0
0.0
0.0
0.0
0.3633573818752407
0.15533406476270104
0.05767257685345974
0.06339750275133536
0.11711635955784234
0.40117850800086635
0.7579399750285059
0.2548843509213382
0.12021585753252775
0.0754259721505024
0.047507548444718696
0.0
0.0
0.0
0.0
0.0
0.0
0.0
0.0
0.0
0.0
0.0
0.0
0.0
0.0
0.0
0.0
0.0
0.0
0.0
0.0
0.0
0.0
0.0
0.0
0.0
0.06697460018831539
0.30834329387956844
0.01714024960683225
0.015385230419802333
0.024411475776087193
0.06018849067861633
0.3030429976206981
0.6153928908985101
0.5443672895567045
0.35547788837629357
0.04945709634194701
0.0
0.0
0.0
0.0
0.0
0.0
0.0
0.0
0.0
0.0
0.0
0.0
0.0
0.0
0.0
0.0
0.0
0.0
0.0
0.0
0.0
0.0
0.0
0.0
0.0
0.40505712196124305
0.17053786930091586
0.6161127534536813
0.26815914531291385
0.07800911344425136
0.024359110639792476
0.016619517494357274
0.0
0.0014145728503615572
0.10873431781603163
0.5801389157770901
0.0
0.0
0.0
0.0
0.0
0.0
0.0
0.0
0.0
0.0
0.0
0.0
0.0
0.0
0.0
0.0
0.0
0.0
0.0
0.0
0.0
0.0
0.0
0.0
0.0
0.049305999624564445
0.04260451614325476
0.25961566617348847
0.38032423240694535
0.5650306100627007
0.6468089675910036
0.10397715837391056
0.037070994243325404
0.10581181797262604
0.07477254682835185
0.13081645234084774
0.0
0.0
0.0
0.0
0.0
0.0
0.0
0.0
0.0
0.0
0.0
0.0
0.0
0.0
0.0
0.0
0.0
0.0
0.0
0.0
0.0
0.0
0.0
0.0
0.0
0.4568397937534317
0.4291591591390435
0.28701330175659395
0.15662983451596266
0.14633058074186564
0.13536596234925138
0.07118221872053906
0.0639706654705515
0.13359136442072017
0.5098175248539469
0.41659810405589026
0.0
0.0
0.0
0.0
0.0
0.0
0.0
0.0
0.0
0.0
0.0
0.0
0.0
0.0
0.0
0.0
0.0
0.0
0.0
0.0
0.0
0.0
0.0
0.0
0.0
0.25551821246263795
0.33141924749779106
0.29598167757254645
0.2875849285553769
0.28547535176065236
0.07003450433595947
0.05920996531702857
0.06542220220085557
0.49093900285229103
0.5506662846223757
0.12696506039662292
0.0
0.0
0.0
0.0
0.0
0.0
0.0
0.0
0.0
0.0
0.0
0.0
0.0
0.0
0.0
0.0
0.0
0.0
0.0
0.0
0.0
0.0
0.0
0.0
0.0
0.21288857107571565
0.172201939065912
0.3730352038810193
0.3547028222503876
0.29986451303188194
0.2826012116981812
0.13211261535137875
0.190217813915666
0.17322490588681952
0.31771905750979695
0.5528875062984882
0.0
0.0
0.0
0.0
0.0
0.0
0.0
0.0
0.0
0.0
0.0
0.0
0.0
0.0
0.0
0.0
0.0
0.0
0.0
0.0
0.0
0.0
0.0
0.0
0.0
0.14997072173201467
0.18103498424539835
0.5135231424259105
0.38155956205658503
0.11462731791416367
0.26814032608958716
0.3054065111176926
0.16265764864260449
0.24019985353540793
0.2867886731120161
0.4367246077933127
0.0
0.0
0.0
0.0
0.0
0.0
0.0
0.0
0.0
0.0
0.0
0.0
0.0
0.0
0.0
0.0
0.0
0.0
0.0
0.0
0.0
0.0
0.0
0.0
0.0
0.06827626937820433
0.06816128975366299
0.2405203764392753
0.13105162912942894
0.48483999081186946
0.30695857202900806
0.4197823772201317
0.4906578885101313
0.3472528982869701
0.10816971028814121
0.19268304967504582
0.0
0.0
0.0
0.0
0.0
0.0
0.0
0.0
0.0
0.0
0.0
0.0
0.0
0.0
0.0
0.0
0.0
0.0
0.0
0.0
0.0
0.0
0.0
0.0
0.0
0.017848826204809428
0.1373536365034518
0.4002170250280806
0.1986413221922275
0.19044366716386296
0.42509301403040983
0.4195398364418706
0.33487599380321836
0.366170981181621
0.21152341075189654
0.31181973743577357
0.0
0.0
0.0
0.0
0.0
0.0
0.0
0.0
0.0
0.0
0.0
0.0
0.0
0.0
0.0
0.0
0.0
0.0
0.0
0.0
0.0
0.0
0.0
0.0
0.0
0.033719226580171076
0.03959368266367972
0.23297968939692051
0.3442481845689697
0.24511290716009468
0.22378516212550773
0.7522777355090112
0.26819691939249085
0.18896966337918067
0.17650170418139896
0.09815857367884778
0.0
0.0
0.0
0.0
0.0
0.0
0.0
0.0
0.0
0.0
0.0
0.0
0.0
0.0
0.0
0.0
0.0
0.0
0.0
0.0
0.0
0.0
0.0
0.0
0.0
0.017230819764930246
0.018941254285040624
0.9000732886912473
0.2803322357716418
0.07075516647525124
0.06402526328443509
0.19438628030041738
0.04928972393047029
0.04538672118865015
0.025312312146353315
0.24208374981796377
0.0
0.0
0.0
0.0
0.0
0.0
0.0
0.0
0.0
0.0
0.0
0.0
0.0
0.0
0.0
0.0
0.0
0.0
0.0
0.0
0.0
0.0
0.0
0.0
0.0
0.011853107426648921
0.010639447682078827
0.5946229914641145
0.056303151176374626
0.0593536487388463
0.04297222071853363
0.04349507664481565
0.011888811327204138
0.008157184336184274
0.006081970894982752
0.7971785222030005
0.0
0.0
0.0
0.0
0.0
0.0
0.0
0.0
0.0
0.0
0.0
0.0
0.0
0.0
0.0
0.0
0.0
0.0
0.0
0.0
0.0
0.0
0.0
0.0
0.0
0.5583453785412243
0.2430162639220327
0.5379686364482716
0.1215517682658485
0.08395305742111969
0.11989281921949178
0.2515107449547895
0.1521845111423385
0.055988005309844026
0.048317123135927356
0.4601076637306337
0.0
0.0
0.0
0.0
0.0
0.0
0.0
0.0
0.0
0.0
0.0
0.0
0.0
0.0
0.0
0.0
0.0
0.0
0.0
0.0
0.0
0.0
0.0
0.0
0.0
0.15299519649519527
0.22413046765098088
0.6763411874954779
0.015213496983180334
0.029812848371393533
0.03451437484469008
0.012678736014691667
0.010863552204948864
0.007475548750935678
0.0319012405785816
0.6820973265119452
0.0
0.0
0.0
0.0
0.0
0.0
0.0
0.0
0.0
0.0
0.0
0.0
0.0
0.0
0.0
0.0
0.0
0.0
0.0
0.0
0.0
0.0
0.0
0.0
0.0
0.16538696797701746
0.0902555152210534
0.3230000046007827
0.023275464521993024
0.03545314977809545
0.06059151566156589
0.07673897398715415
0.08486059822471585
0.19238052025951038
0.48241025498386725
0.7562287848441104
0.0
0.0
0.0
0.0
0.0
0.0
0.0
0.0
0.0
0.0
0.0
0.0
0.0
0.0
0.0
0.0
0.0
0.0
0.0
0.0
0.0
0.0
0.0
0.0
0.0
0.3716204556077976
0.3610778986462435
0.11105416845341945
0.14464945949607882
0.056311472844304954
0.04367289568132147
0.18523268581636929
0.44709151165578775
0.5710780528335818
0.31993193854161556
0.17463571917565157
0.0
0.0
0.0
0.0
0.0
0.0
0.0
0.0
0.0
0.0
0.0
0.0
0.0
0.0
0.0
0.0
0.0
0.0
0.0
0.0
0.0
0.0
0.0
0.0
0.0
0.30469294351597015
0.2897191628577863
0.5800110084581074
0.39713085370239554
0.11856106859672602
0.11731846888349137
0.04700878645430812
0.12095917460952527
0.21175178986626103
0.26495017104398955
0.41158306603610406
0.0
0.0
0.0
0.0
0.0
0.0
0.0
0.0
0.0
0.0
0.0
0.0
0.0
0.0
0.0
0.0
0.0
0.0
0.0
0.0
0.0
0.0
0.0
0.0
0.0
0.2682182846667664
0.19929238388274842
0.24481429315232306
0.14009982585757078
0.11568193164489943
0.08400896817755425
0.12087741612860453
0.2489127937792294
0.2603961760187682
0.49734451814345165
0.6297721931515828
0.0
0.0
0.0
0.0
0.0
0.0
0.0
0.0
0.0
0.0
0.0
0.0
0.0
0.0
0.0
0.0
0.0
0.0
0.0
0.0
0.0
0.0
0.0
0.0
0.0
0.2155936512505743
0.11746987779009664
0.5217870398029444
0.4220754893738024
0.20999230464323018
0.12069036832692921
0.09841245682377475
0.10814856174367349
0.2831390989995991
0.4642430798562295
0.33701235742578867
0.0
0.0
0.0
0.0
0.0
0.0
0.0
0.0
0.0
0.0
0.0
0.0
0.0
0.0
0.0
0.0
0.0
0.0
0.0
0.0
0.0
0.0
0.0
0.0
0.0
0.34363805955160676
0.170559257193302
0.2803007923389927
0.5710220047914547
0.29458629324643715
0.24317778889259456
0.10853269440508588
0.1326738363000568
0.20586375493104933
0.3701517743728057
0.3057733216501066
0.0
0.0
0.0
0.0
0.0
0.0
0.0
0.0
0.0
0.0
0.0
0.0
0.0
0.0
0.0
0.0
0.0
0.0
0.0
0.0
0.0
0.0
0.0
0.0
0.0
0.2006166776818423
0.2964289602454299
0.43318566219154525
0.1878679259176978
0.2485010282641896
0.2384835595571693
0.11946026863274653
0.15136701547050077
0.2156581779373922
0.23813856904020916
0.6244279930378692
0.0
0.0
0.0
0.0
0.0
0.0
0.0
0.0
0.0
0.0
0.0
0.0
0.0
0.0
0.0
0.0
0.0
0.0
0.0
0.0
0.0
0.0
0.0
0.0
0.0
0.6076190630278294
0.18924593427690506
0.5748056286488051
0.006117422551148026
0.003925768083427244
0.0019102371952639371
0.01600925033714587
0.01179304829662403
0.061687886110386815
0.03989740856621861
0.5086594988507417
0.0
0.0
0.0
0.0
0.0
0.0
0.0
0.0
0.0
0.0
0.0
0.0
0.0
0.0
0.0
0.0
0.0
0.0
0.0
0.0
0.0
0.0
0.0
0.0
0.0
0.4765118919107396
0.045119548811139096
0.653468184822028
0.007667224761879669
0.002656749514680996
0.0
0.0
0.0
0.0
0.006610992221150907
0.5863193879929689
0.0
0.0
0.0
0.0
0.0
0.0
0.0
0.0
0.0
0.0
0.0
0.0
0.0
0.0
0.0
0.0
0.0
0.0
0.0
0.0
0.0
0.0
0.0
0.0
0.0
0.4974157259456747
0.1123890073798961
0.6559632643909075
0.01524444608400868
0.0
0.0
0.0
0.0032698196743022687
0.002365583635187647
0.024549807318451113
0.5557041735395774
0.0
0.0
0.0
0.0
0.0
0.0
0.0
0.0
0.0
0.0
0.0
0.0
0.0
0.0
0.0
0.0
0.0
0.0
0.0
0.0
0.0
0.0
0.0
0.0
0.0
0.5818281937784708
0.013087538707432646
0.61828175291483
0.03145433465637931
0.0025472232436832515
0.0
0.0
0.0019586330235234948
0.0026375800863693705
0.008385396886264789
0.527214730256778
0.0
0.0
0.0
0.0
0.0
0.0
0.0
0.0
0.0
0.0
0.0
0.0
0.0
0.0
0.0
0.0
0.0
0.0
0.0
0.0
0.0
0.0
0.0
0.0
0.0
0.3918884373554002
0.028239582942169404
0.4234615433969892
0.35331486460972245
0.2676436893347186
0.1302627838761924
0.40100188620765537
0.13611865698142317
0.09793387260939182
0.18020011006867734
0.48112310735882713
0.0
0.0
0.0
0.0
0.0
0.0
0.0
0.0
0.0
0.0
0.0
0.0
0.0
0.0
0.0
0.0
0.0
0.0
0.0
0.0
0.0
0.0
0.0
0.0
0.0
0.13708207232694192
0.17855113360298175
0.6615534613439022
0.12224824843087563
0.1566505863046425
0.09797390422977754
0.13350685528872142
0.1863258710588985
0.16650826152125298
0.1110253912626702
0.6082754641449154
0.0
0.0
0.0
0.0
0.0
0.0
0.0
0.0
0.0
0.0
0.0
0.0
0.0
0.0
0.0
0.0
0.0
0.0
0.0
0.0
0.0
0.0
0.0
0.0
0.0
0.7298740016770597
0.4997413517232059
0.04392903363622489
0.09024854775479907
0.19997025125994428
0.2172709434153103
0.15127656887170113
0.19015800984438996
0.21394239907839604
0.10042572101337592
0.07329293200658324
0.0
0.0
0.0
0.0
0.0
0.0
0.0
0.0
0.0
0.0
0.0
0.0
0.0
0.0
0.0
0.0
0.0
0.0
0.0
0.0
0.0
0.0
0.0
0.0
0.0
0.3885733589590485
0.22236879727108963
0.40071493945368014
0.3325788555626079
0.08098866707066774
0.06673970514081809
0.06003728606457715
0.1653698838800973
0.3936793799296028
0.4509547293355121
0.35787296083706277
0.0
0.0
0.0
0.0
0.0
0.0
0.0
0.0
0.0
0.0
0.0
0.0
0.0
0.0
0.0
0.0
0.0
0.0
0.0
0.0
0.0
0.0
0.0
0.0
0.0
0.6017025498021381
0.48671944450960875
0.2749056830381817
0.22282079919487222
0.09480396074847791
0.07052804908364536
0.10570002173892094
0.19799354957052595
0.1031722812032272
0.3382864731668537
0.29396902267534564
0.0
0.0
0.0
0.0
0.0
0.0
0.0
0.0
0.0
0.0
0.0
0.0
0.0
0.0
0.0
0.0
0.0
0.0
0.0
0.0
0.0
0.0
0.0
0.0
0.0
0.21778643514669171
0.4436692660627495
0.4487382335078717
0.2987319296280747
0.19170398079960882
0.17379645047586953
0.15417587203654093
0.08529393352596049
0.1168180269225078
0.41530921954132094
0.42543014316017025
0.0
0.0
0.0
0.0
0.0
0.0
0.0
0.0
0.0
0.0
0.0
0.0
0.0
0.0
0.0
0.0
0.0
0.0
0.0
0.0
0.0
0.0
0.0
0.0
0.0
0.3030592205072009
0.13143349874250132
0.636305594163894
0.13756893040864335
0.024279527259537137
0.031574624802309076
0.027429613180572653
0.011154346703942138
0.03189041207030967
0.12130120378292429
0.6699821554113563
0.0
0.0
0.0
0.0
0.0
0.0
0.0
0.0
0.0
0.0
0.0
0.0
0.0
0.0
0.0
0.0
0.0
0.0
0.0
0.0
0.0
0.0
0.0
0.0
0.0
0.8596695737634482
0.00914911367419725
0.2354440953062765
0.0925425278640108
0.14656670957696635
0.22846304905832712
0.1788419405151646
0.051878618074292296
0.0229312475517549
0.10477651988755475
0.2775419231584561
0.0
0.0
0.0
0.0
0.0
0.0
0.0
0.0
0.0
0.0
0.0
0.0
0.0
0.0
0.0
0.0
0.0
0.0
0.0
0.0
0.0
0.0
0.0
0.0
0.0
0.9389150770205136
0.011016409207120697
0.2371194230103677
0.01112104940301094
0.002317554549450018
0.0021679793322425204
0.010292126496143963
0.017977234436469983
0.04109506478766129
0.06937349299875688
0.23457867009412567
0.0
0.0
0.0
0.0
0.0
0.0
0.0
0.0
0.0
0.0
0.0
0.0
0.0
0.0
0.0
0.0
0.0
0.0
0.0
0.0
0.0
0.0
0.0
0.0
0.0
0.9570251762827613
0.022241060578946172
0.1540498790982849
0.05863404742291831
0.04640658965516199
0.06900032864240842
0.03216786719024408
0.0889919074774445
0.08359510376397039
0.059018702229563284
0.1734892896967623
0.0
0.0
0.0
0.0
0.0
0.0
0.0
0.0
0.0
0.0
0.0
0.0
0.0
0.0
0.0
0.0
0.0
0.0
0.0
0.0
0.0
0.0
0.0
0.0
0.0
0.9302334926955467
0.04732450124862238
0.3062887364085057
0.16816194120638486
0.0899639455381786
0.02622168804525131
0.012203074807704288
0.0
0.0
0.0
0.03748077737312239
0.0
0.0
0.0
0.0
0.0
0.0
0.0
0.0
0.0
0.0
0.0
0.0
0.0
0.0
0.0
0.0
0.0
0.0
0.0
0.0
0.0
0.0
0.0
0.0
0.0
0.4628461828240119
0.3861754130204101
0.16506118206156017
0.13947468289501389
0.1663331802517192
0.14703450817299113
0.46599063552356157
0.5231630672511159
0.05730482890743764
0.03471614700221523
0.2128891386970459
0.0
0.0
0.0
0.0
0.0
0.0
0.0
0.0
0.0
0.0
0.0
0.0
0.0
0.0
0.0
0.0
0.0
0.0
0.0
0.0
0.0
0.0
0.0
0.0
0.0
0.564719590983682
0.10435434909842899
0.6816657148225399
0.2798803783038414
0.07139228496009932
0.053162589435648396
0.022731269849730187
0.02324520252596388
0.029751369318345076
0.051155850095684255
0.33870126387028765
0.0
0.0
0.0
0.0
0.0
0.0
0.0
0.0
0.0
0.0
0.0
0.0
0.0
0.0
0.0
0.0
0.0
0.0
0.0
0.0
0.0
0.0
0.0
0.0
0.0
0.06374899991055298
0.13096702081795752
0.10958471168081145
0.2319215280663079
0.1763245486332031
0.3390113840941417
0.4690605758214701
0.3794215361127326
0.3902363056261587
0.4666199448318697
0.18157963062469812
0.0
0.0
0.0
0.0
0.0
0.0
0.0
0.0
0.0
0.0
0.0
0.0
0.0
0.0
0.0
0.0
0.0
0.0
0.0
0.0
0.0
0.0
0.0
0.0
0.0
0.4517033714230004
0.3748974034420753
0.2354435995376931
0.26207839535132954
0.2750566451237451
0.4043761425575336
0.3427450612191996
0.18599827770275631
0.21645671402792577
0.15445053438845205
0.2633305748458785
0.0
0.0
0.0
0.0
0.0
0.0
0.0
0.0
0.0
0.0
0.0
0.0
0.0
0.0
0.0
0.0
0.0
0.0
0.0
0.0
0.0
0.0
0.0
0.0
0.0
0.3270228668821219
0.265063623815853
0.5775302954989815
0.3451830562181479
0.11468279183978801
0.011146436509652448
0.11314579469261352
0.24217564301798217
0.28227655944809715
0.3282173384943534
0.31300265066859084
0.0
0.0
0.0
0.0
0.0
0.0
0.0
0.0
0.0
0.0
0.0
0.0
0.0
0.0
0.0
0.0
0.0
0.0
0.0
0.0
0.0
0.0
0.0
0.0
0.0
0.5796614495185117
0.3858895240372564
0.4828561974486338
0.3367405269549309
0.13837100008599185
0.20592612187813703
0.22249092644511398
0.11456050361382938
0.10251949166836903
0.10570036093593371
0.1505866996876073
0.0
0.0
0.0
0.0
0.0
0.0
0.0
0.0
0.0
0.0
0.0
0.0
0.0
0.0
0.0
0.0
0.0
0.0
0.0
0.0
0.0
0.0
0.0
0.0
0.0
0.9299117532337436
0.20104642555420016
0.2172168625295782
0.11237772635717827
0.06424046321579707
0.031216280346616172
0.038139820559199684
0.032032627939916625
0.0645751453111187
0.07019185977548222
0.1354757255475873
0.0
0.0
0.0
0.0
0.0
0.0
0.0
0.0
0.0
0.0
0.0
0.0
0.0
0.0
0.0
0.0
0.0
0.0
0.0
0.0
0.0
0.0
0.0
0.0
0.0
0.5570935448870562
0.21896851918713886
0.0869812970617076
0.08434188963273838
0.039324243975696546
0.26014607340809437
0.7118790361081886
0.19883442849673488
0.025336897296697088
0.06415211423260916
0.08205820897273759
0.0
0.0
0.0
0.0
0.0
0.0
0.0
0.0
0.0
0.0
0.0
0.0
0.0
0.0
0.0
0.0
0.0
0.0
0.0
0.0
0.0
0.0
0.0
0.0
0.0
0.9293412015564609
0.04358668422666942
0.1102789881410526
0.07881584411487708
0.1130364587480338
0.16294614580997244
0.044659885760521656
0.13223868299684313
0.1598124959956701
0.1193368010378538
0.1321369420826192
0.0
0.0
0.0
0.0
0.0
0.0
0.0
0.0
0.0
0.0
0.0
0.0
0.0
0.0
0.0
0.0
0.0
0.0
0.0
0.0
0.0
0.0
0.0
0.0
0.0
0.5422101205117896
0.2063745463830648
0.07246183773639764
0.08823267578087828
0.08199229622682949
0.31514189608335963
0.5279757817800945
0.44313103586686
0.2341109251440652
0.08312097142875166
0.08662733547105315
0.0
0.0
0.0
0.0
0.0
0.0
0.0
0.0
0.0
0.0
0.0
0.0
0.0
0.0
0.0
0.0
0.0
0.0
0.0
0.0
0.0
0.0
0.0
0.0
0.0
0.8404598952297826
0.4614383445673134
0.09676387050711582
0.14732330382776732
0.12474318793916248
0.13800694553059814
0.10085517537603896
0.03971669568853921
0.009781772446058958
0.010836387735092016
0.0553655447664322
0.0
0.0
0.0
0.0
0.0
0.0
0.0
0.0
0.0
0.0
0.0
0.0
0.0
0.0
0.0
0.0
0.0
0.0
0.0
0.0
0.0
0.0
0.0
0.0
0.0
0.15288079294117735
0.1291824028514257
0.02445177890658658
0.04224370454035386
0.019687239558916787
0.11697768320549326
0.9392897270536543
0.24214744017843584
0.027221405972820197
0.01152649786889122
0.041365986980710465
0.0
0.0
0.0
0.0
0.0
0.0
0.0
0.0
0.0
0.0
0.0
0.0
0.0
0.0
0.0
0.0
0.0
0.0
0.0
0.0
0.0
0.0
0.0
0.0
0.0
0.8477997924065712
0.3480922121577463
0.24128755705368443
0.23057464808059555
0.06764735728000547
0.03409663335684541
0.02663560798496468
0.00998502636817458
0.03375361836298819
0.12411489018131756
0.1599726722575434
0.0
0.0
0.0
0.0
0.0
0.0
0.0
0.0
0.0
0.0
0.0
0.0
0.0
0.0
0.0
0.0
0.0
0.0
0.0
0.0
0.0
0.0
0.0
0.0
0.0
0.092843002119113
0.19648991717426317
0.6121545117182976
0.17183634598437592
0.18194455153374967
0.15715188448565517
0.14293520345799202
0.22301210974737304
0.21583992509081468
0.09120272543071402
0.604682391745511
0.0
0.0
0.0
0.0
0.0
0.0
0.0
0.0
0.0
0.0
0.0
0.0
0.0
0.0
0.0
0.0
0.0
0.0
0.0
0.0
0.0
0.0
0.0
0.0
0.0
0.1590012949110652
0.17698847754153643
0.5948904672860587
0.07620912327291898
0.10264115795533964
0.10630453518792178
0.16941434403571148
0.19097407378252207
0.1951065263593197
0.15575265142314676
0.6590580741580104
0.0
0.0
0.0
0.0
0.0
0.0
0.0
0.0
0.0
0.0
0.0
0.0
0.0
0.0
0.0
0.0
0.0
0.0
0.0
0.0
0.0
0.0
0.0
0.0
0.0
0.3868993646572401
0.23124519385750794
0.7200698247332632
0.267365405118693
0.03882873543150314
0.032582210284721025
0.03259255934981075
0.015927673378636105
0.0016953815778409293
0.06005687295889642
0.44649164657939777
0.0
0.0
0.0
0.0
0.0
0.0
0.0
0.0
0.0
0.0
0.0
0.0
0.0
0.0
0.0
0.0
0.0
0.0
0.0
0.0
0.0
0.0
0.0
0.0
0.0
0.5673625755397808
0.39567468258931654
0.44042373407974245
0.10565675091333054
0.028170705329289763
0.04681146508593633
0.039900820179574574
0.022551277997487282
0.13935306133869735
0.23789961963740483
0.4850812268679877
0.0
0.0
0.0
0.0
0.0
0.0
0.0
0.0
0.0
0.0
0.0
0.0
0.0
0.0
0.0
0.0
0.0
0.0
0.0
0.0
0.0
0.0
0.0
0.0
0.0
0.6284478341206157
0.3251291723401593
0.3364595163371034
0.1612867906388646
0.1170466958943092
0.10763858518269599
0.04560965949133862
0.09860734242155988
0.13796830500076085
0.3432571207305846
0.4314806588235764
0.0
0.0
0.0
0.0
0.0
0.0
0.0
0.0
0.0
0.0
0.0
0.0
0.0
0.0
0.0
0.0
0.0
0.0
0.0
0.0
0.0
0.0
0.0
0.0
0.0
0.1128051937355272
0.10938217204661589
0.24654211344619364
0.27916327941307595
0.061332005117616814
0.10593278386310132
0.825593060458305
0.3392599492999736
0.14365006912874528
0.04755247388835629
0.04487999633705953
0.0
0.0
0.0
0.0
0.0
0.0
0.0
0.0
0.0
0.0
0.0
0.0
0.0
0.0
0.0
0.0
0.0
0.0
0.0
0.0
0.0
0.0
0.0
0.0
0.0
0.17231655960727002
0.1231537877646044
0.542691328812707
0.05832555257641496
0.1868053813126113
0.045284357017224074
0.08319414266957323
0.11761596276012977
0.13683627959967667
0.39671693398162516
0.6507028528612011
0.0
0.0
0.0
0.0
0.0
0.0
0.0
0.0
0.0
0.0
0.0
0.0
0.0
0.0
0.0
0.0
0.0
0.0
0.0
0.0
0.0
0.0
0.0
0.0
0.0
0.0946158843260402
0.11520840357140537
0.06352186068572543
0.16033166774881855
0.15819086956653305
0.3948095949579284
0.7555469721319363
0.39035505499550177
0.18003263523197902
0.09806083325490975
0.043343366286893024
0.0
0.0
0.0
0.0
0.0
0.0
0.0
0.0
0.0
0.0
0.0
0.0
0.0
0.0
0.0
0.0
0.0
0.0
0.0
0.0
0.0
0.0
0.0
0.0
0.0
0.3382946550733
0.5150546995638056
0.23467408520960453
0.05268146967703595
0.025960166218202338
0.11495886418540628
0.2241401177873674
0.2271382919402528
0.2810468293636731
0.46589788377258184
0.38814931938429076
0.0
0.0
0.0
0.0
0.0
0.0
0.0
0.0
0.0
0.0
0.0
0.0
0.0
0.0
0.0
0.0
0.0
0.0
0.0
0.0
0.0
0.0
0.0
0.0
0.0
0.02438650295478051
0.04213093164018081
0.01876008236900747
0.07648990165635158
0.06535619999383614
0.20923897816115697
0.9350827662685661
0.2550860605144103
0.05595220654179807
0.014098581775770383
0.024436796048130868
0.0
0.0
0.0
0.0
0.0
0.0
0.0
0.0
0.0
0.0
0.0
0.0
0.0
0.0
0.0
0.0
0.0
0.0
0.0
0.0
0.0
0.0
0.0
0.0
0.0
0.21890239530198197
0.20918336352306807
0.4342121729404691
0.7828993831272516
0.31254296639503165
0.047172691003044935
0.014955869583921505
0.014336059858526163
0.014157106142721842
0.016562093912573524
0.07771814877914833
0.0
0.0
0.0
0.0
0.0
0.0
0.0
0.0
0.0
0.0
0.0
0.0
0.0
0.0
0.0
0.0
0.0
0.0
0.0
0.0
0.0
0.0
0.0
0.0
0.0
0.7669298538455809
0.21528294113398905
0.4012901746880121
0.18764375668481265
0.09145193595876919
0.04236012317756051
0.04107424769883241
0.07544645018744672
0.1058362471558598
0.16577438783368764
0.33616709333806616
0.0
0.0
0.0
0.0
0.0
0.0
0.0
0.0
0.0
0.0
0.0
0.0
0.0
0.0
0.0
0.0
0.0
0.0
0.0
0.0
0.0
0.0
0.0
0.0
0.0
0.8665118770680162
0.11100549443696293
0.231938885067142
0.11386068669926909
0.04862845216764887
0.0403653763553978
0.034575517833199065
0.06015127312000786
0.08388026608650696
0.20995893515939038
0.3318865155005791
0.0
0.0
0.0
0.0
0.0
0.0
0.0
0.0
0.0
0.0
0.0
0.0
0.0
0.0
0.0
0.0
0.0
0.0
0.0
0.0
0.0
0.0
0.0
0.0
0.0
0.8940435605145584
0.3319626938113679
0.16803334697745548
0.06674549679235348
0.01786299203956264
0.03183312658938805
0.013645792722055752
0.022484706521402748
0.028385926553275872
0.07520576362257025
0.22206044887299767
0.0
0.0
0.0
0.0
0.0
0.0
0.0
0.0
0.0
0.0
0.0
0.0
0.0
0.0
0.0
0.0
0.0
0.0
0.0
0.0
0.0
0.0
0.0
0.0
0.0
0.7573430498659738
0.18168504506876385
0.3263464476993548
0.21494791853022027
0.17146925788729245
0.18287970502118012
0.1280799397461598
0.05014273897926461
0.15515070593589853
0.08603207417381951
0.35704162239964693
0.0
0.0
0.0
0.0
0.0
0.0
0.0
0.0
0.0
0.0
0.0
0.0
0.0
0.0
0.0
0.0
0.0
0.0
0.0
0.0
0.0
0.0
0.0
0.0
0.0
0.24977882601489745
0.11973513383144446
0.6736386620212298
0.24261933395343513
0.04788277455004887
0.03968402634343454
0.01756969693073008
0.05138570422746693
0.0860836036173452
0.29415678967914916
0.5566556179564753
0.0
0.0
0.0
0.0
0.0
0.0
0.0
0.0
0.0
0.0
0.0
0.0
0.0
0.0
0.0
0.0
0.0
0.0
0.0
0.0
0.0
0.0
0.0
0.0
0.0
0.42046645730738536
0.4761003848973048
0.44149066178096413
0.2984229464524275
0.0761360484034976
0.048211382725306125
0.12113184106756672
0.17261177130581962
0.07868043741755915
0.32001425101263187
0.3890727547425315
0.0
0.0
0.0
0.0
0.0
0.0
0.0
0.0
0.0
0.0
0.0
0.0
0.0
0.0
0.0
0.0
0.0
0.0
0.0
0.0
0.0
0.0
0.0
0.0
0.0
0.5119872304685705
0.05502564080852231
0.36345510585861707
0.10375638105479083
0.014716091906437509
0.004796176447817299
0.008737104212281166
0.0659439646195816
0.048968041991199265
0.4344938695011361
0.6293877598163505
0.0
0.0
0.0
0.0
0.0
0.0
0.0
0.0
0.0
0.0
0.0
0.0
0.0
0.0
0.0
0.0
0.0
0.0
0.0
0.0
0.0
0.0
0.0
0.0
0.0
0.055348887538653226
0.13970276297508188
0.3648095695667652
0.10737431102195824
0.17319995742559632
0.4430208886861201
0.2681756675597525
0.5319605823227098
0.20910937082477932
0.10183350895512717
0.4444565204346544
0.0
0.0
0.0
0.0
0.0
0.0
0.0
0.0
0.0
0.0
0.0
0.0
0.0
0.0
0.0
0.0
0.0
0.0
0.0
0.0
0.0
0.0
0.0
0.0
0.0
0.07916983230113848
0.017772661672392234
0.6715936832099229
0.17091178352914177
0.009665528186657007
0.0062001214440054
0.019830889040820088
0.01979806185817556
0.13935435716581127
0.429841696798084
0.555037606430426
0.0
0.0
0.0
0.0
0.0
0.0
0.0
0.0
0.0
0.0
0.0
0.0
0.0
0.0
0.0
0.0
0.0
0.0
0.0
0.0
0.0
0.0
0.0
0.0
0.0
0.025398708773286444
0.10355736707619681
0.06156169557562161
0.06652452009113935
0.09718475812948232
0.2418327788806884
0.6625810869183588
0.6736373507212047
0.11055010560425801
0.061284466124321445
0.060904551239614454
0.0
0.0
0.0
0.0
0.0
0.0
0.0
0.0
0.0
0.0
0.0
0.0
0.0
0.0
0.0
0.0
0.0
0.0
0.0
0.0
0.0
0.0
0.0
0.0
0.0
0.34622975683557533
0.6242640808783434
0.3826696810294945
0.5686721673781435
0.1014191447680935
0.04178952381656223
0.033004436114666316
0.03609245834351099
0.01949576748366619
0.006838470370232714
0.07579036133514394
0.0
0.0
0.0
0.0
0.0
0.0
0.0
0.0
0.0
0.0
0.0
0.0
0.0
0.0
0.0
0.0
0.0
0.0
0.0
0.0
0.0
0.0
0.0
0.0
0.0
0.7578346141279366
0.3543643550488342
0.30186200530709223
0.14041051122773934
0.11796766813397488
0.11668569514066235
0.09354008302710816
0.0810066537683272
0.11990757350429931
0.2250088103498342
0.2853529067794956
0.0
0.0
0.0
0.0
0.0
0.0
0.0
0.0
0.0
0.0
0.0
0.0
0.0
0.0
0.0
0.0
0.0
0.0
0.0
0.0
0.0
0.0
0.0
0.0
0.0
0.5979365824348927
0.29353193561718927
0.3500998548808626
0.20997547962955504
0.10317060524263234
0.0085937206847421
0.0014157571347470045
0.07474268148268305
0.15013742494944496
0.3417342055080891
0.4837574015104313
0.0
0.0
0.0
0.0
0.0
0.0
0.0
0.0
0.0
0.0
0.0
0.0
0.0
0.0
0.0
0.0
0.0
0.0
0.0
0.0
0.0
0.0
0.0
0.0
0.0
0.34884426924348644
0.13856644810476773
0.521846927464747
0.15793178912281391
0.0633658428146605
0.05255205998719751
0.0215295898163972
0.036987452171000954
0.19916588127543272
0.4483560672447894
0.5590541962600479
0.0
0.0
0.0
0.0
0.0
0.0
0.0
0.0
0.0
0.0
0.0
0.0
0.0
0.0
0.0
0.0
0.0
0.0
0.0
0.0
0.0
0.0
0.0
0.0
0.0
0.22687424054078137
0.14943060087263785
0.7009182182972741
0.23504202927061318
0.09688767312896639
0.041208159481866805
0.028094318757899625
0.006972115097274768
0.03597129211914383
0.1670395916503744
0.581848843303946
0.0
0.0
0.0
0.0
0.0
0.0
0.0
0.0
0.0
0.0
0.0
0.0
0.0
0.0
0.0
0.0
0.0
0.0
0.0
0.0
0.0
0.0
0.0
0.0
0.0
0.5432917579331393
0.19567327691173264
0.507418294719426
0.21406549194698946
0.07503832368041352
0.03819613708575423
0.03029245029691907
0.10691019141143378
0.027130521772492935
0.1712837828737335
0.5601226274997482
0.0
0.0
0.0
0.0
0.0
0.0
0.0
0.0
0.0
0.0
0.0
0.0
0.0
0.0
0.0
0.0
0.0
0.0
0.0
0.0
0.0
0.0
0.0
0.0
0.0
0.14071120155090347
0.09511288686444547
0.9517646864003438
0.13459556200607092
0.02607030708209419
0.027456120213649203
0.0294655766725103
0.05711234487744923
0.03898445709637673
0.10662812793123605
0.16949639454611667
0.0
0.0
0.0
0.0
0.0
0.0
0.0
0.0
0.0
0.0
0.0
0.0
0.0
0.0
0.0
0.0
0.0
0.0
0.0
0.0
0.0
0.0
0.0
0.0
0.0
0.0830393737977277
0.023705444692967925
0.9716677020450535
0.1856709936960687
0.024564033626183677
9.474320446303617e-05
0.005403921864012493
0.005416084331671013
0.006000741549721903
0.024933368769163862
0.1122989508009773
0.0
0.0
0.0
0.0
0.0
0.0
0.0
0.0
0.0
0.0
0.0
0.0
0.0
0.0
0.0
0.0
0.0
0.0
0.0
0.0
0.0
0.0
0.0
0.0
0.0
0.10267021115788064
0.030218898036716197
0.8203646127035004
0.5538394083017723
0.002295268789148807
0.0019759805915880433
0.0018272313612168213
0.005200394657946627
0.0005793576841985133
0.015547627778336064
0.0923462936776732
0.0
0.0
0.0
0.0
0.0
0.0
0.0
0.0
0.0
0.0
0.0
0.0
0.0
0.0
0.0
0.0
0.0
0.0
0.0
0.0
0.0
0.0
0.0
0.0
0.0
0.28220059210776177
0.07181634925390078
0.8418792843890262
0.41648656049173505
0.04263806093806831
0.027293990342615457
0.011214100797968233
0.014926192252621954
0.01468680583433534
0.03648375319169507
0.1688939706041557
0.0
0.0
0.0
0.0
0.0
0.0
0.0
0.0
0.0
0.0
0.0
0.0
0.0
0.0
0.0
0.0
0.0
0.0
0.0
0.0
0.0
0.0
0.0
0.0
0.0
0.06147114611432774
0.06642667094321121
0.497956620031726
0.5622554693369224
0.44841871280995116
0.26498900279833554
0.19288053103286903
0.10161916815566709
0.136303311562578
0.1496308418491776
0.26061645685625845
0.0
0.0
0.0
0.0
0.0
0.0
0.0
0.0
0.0
0.0
0.0
0.0
0.0
0.0
0.0
0.0
0.0
0.0
0.0
0.0
0.0
0.0
0.0
0.0
0.0
0.27131504014403246
0.4031918899503905
0.2322423486642686
0.8033750035978166
0.22665251776258755
0.05955339780966799
0.010810653457319462
0.0019789919848631466
0.05558070199586208
0.056673291412378486
0.0560063382205505
0.0
0.0
0.0
0.0
0.0
0.0
0.0
0.0
0.0
0.0
0.0
0.0
0.0
0.0
0.0
0.0
0.0
0.0
0.0
0.0
0.0
0.0
0.0
0.0
0.0
0.06079099267551314
0.02827680930207487
0.9332420158659308
0.10329356949725996
0.013160788333635197
0.006170690129460379
0.005146596306184502
0.0020338253624935377
0.007405786571149544
0.011394819805814376
0.33685020458610865
0.0
0.0
0.0
0.0
0.0
0.0
0.0
0.0
0.0
0.0
0.0
0.0
0.0
0.0
0.0
0.0
0.0
0.0
0.0
0.0
0.0
0.0
0.0
0.0
0.0
0.05119928104224532
0.03070722093613042
0.9178940848773806
0.07346523863878132
0.016353888036752123
0.0036171533159071066
0.0
0.004241319349344917
0.01761376378731205
0.033338175031795286
0.3831302742291992
0.0
0.0
0.0
0.0
0.0
0.0
0.0
0.0
0.0
0.0
0.0
0.0
0.0
0.0
0.0
0.0
0.0
0.0
0.0
0.0
0.0
0.0
0.0
0.0
0.0
0.13454573290686633
0.040718929629526515
0.911511734867591
0.14480044246508386
0.014693398426855754
0.007313633182147851
0.00393943529957556
0.0018099751352447294
0.018648651708666267
0.04970789612312529
0.35399403397699925
0.0
0.0
0.0
0.0
0.0
0.0
0.0
0.0
0.0
0.0
0.0
0.0
0.0
0.0
0.0
0.0
0.0
0.0
0.0
0.0
0.0
0.0
0.0
0.0
0.0
0.1777130637692186
0.059593313521920016
0.9302555146840922
0.041926606204387123
0.001428756887361089
0.020109188414914016
0.06495324572195202
0.03426153723171925
0.008657682206554196
0.013457474242797212
0.302784220359683
0.0
0.0
0.0
0.0
0.0
0.0
0.0
0.0
0.0
0.0
0.0
0.0
0.0
0.0
0.0
0.0
0.0
0.0
0.0
0.0
0.0
0.0
0.0
0.0
0.0
0.12655598929787845
0.05339040864277124
0.9763903774786246
0.07966079239447353
0.035498632456849304
0.03575992674215373
0.029581329152731265
0.007317364737038539
0.004437895605896818
0.010339253906215066
0.13362228685078287
0.0
0.0
0.0
0.0
0.0
0.0
0.0
0.0
0.0
0.0
0.0
0.0
0.0
0.0
0.0
0.0
0.0
0.0
0.0
0.0
0.0
0.0
0.0
0.0
0.0
0.759321922193085
0.10738091286790928
0.566309570528757
0.24516296137111662
0.03335388879743529
0.00443991047329234
0.03143122742507088
0.055784044128049284
0.025476042175940548
0.040267717284603904
0.15357622409741625
0.0
0.0
0.0
0.0
0.0
0.0
0.0
0.0
0.0
0.0
0.0
0.0
0.0
0.0
0.0
0.0
0.0
0.0
0.0
0.0
0.0
0.0
0.0
0.0
0.0
0.6784303441680409
0.1296377721417825
0.690428310435648
0.21306357585760152
0.007833919565089381
0.007533156267730739
0.006351001868432736
0.012651086366950826
0.00549448615450851
0.0014106116845070732
0.022097370530619852
0.0
0.0
0.0
0.0
0.0
0.0
0.0
0.0
0.0
0.0
0.0
0.0
0.0
0.0
0.0
0.0
0.0
0.0
0.0
0.0
0.0
0.0
0.0
0.0
0.0
0.6307022515650221
0.42579574546765053
0.5967367284490037
0.23877244784856683
0.04343302112549432
0.016301603608285857
0.009198744470659341
0.01582902047631471
0.0053268494169406155
0.008508422306136845
0.07223250731233653
0.0
0.0
0.0
0.0
0.0
0.0
0.0
0.0
0.0
0.0
0.0
0.0
0.0
0.0
0.0
0.0
0.0
0.0
0.0
0.0
0.0
0.0
0.0
0.0
0.0
0.4458780021117557
0.22058054989822046
0.7634814765345252
0.4093931674422344
0.024100514814575404
0.006605094949384393
0.0009191890764024395
0.0031765604885519733
0.003235401734373251
0.014828260962344896
0.03412557682208247
0.0
0.0
0.0
0.0
0.0
0.0
0.0
0.0
0.0
0.0
0.0
0.0
0.0
0.0
0.0
0.0
0.0
0.0
0.0
0.0
0.0
0.0
0.0
0.0
0.0
0.19499894267889992
0.2201782597631559
0.8901583259170395
0.34401193935778396
0.01621517246423708
0.004051999167604266
0.008559321339853161
0.005693312724732417
0.0
0.004183703487658976
0.04866576805000727
0.0
0.0
0.0
0.0
0.0
0.0
0.0
0.0
0.0
0.0
0.0
0.0
0.0
0.0
0.0
0.0
0.0
0.0
0.0
0.0
0.0
0.0
0.0
0.0
0.0
0.16221631563926225
0.5611402653730017
0.7823580344065326
0.20596758064554202
0.025274440595271088
0.014914568300776336
0.00745824091329841
0.012554951883927423
0.011284401982640807
0.012526251734912584
0.05424013882860228
0.0
0.0
0.0
0.0
0.0
0.0
0.0
0.0
0.0
0.0
0.0
0.0
0.0
0.0
0.0
0.0
0.0
0.0
0.0
0.0
0.0
0.0
0.0
0.0
0.0
0.8620345447623963
0.0954121478080186
0.37945869666178655
0.07462977695544105
0.029121122201161892
0.04789244561423567
0.030698365037381405
0.029741570266584416
0.023009458378470314
0.024622408605019522
0.30352938029592336
0.0
0.0
0.0
0.0
0.0
0.0
0.0
0.0
0.0
0.0
0.0
0.0
0.0
0.0
0.0
0.0
0.0
0.0
0.0
0.0
0.0
0.0
0.0
0.0
0.0
0.9557080838160085
0.0764917473631338
0.18301650079103912
0.04762533127641546
0.005888838510850215
0.0041955379143121824
0.004297484976553895
0.017019234410107054
0.027461250760908145
0.09846416169229767
0.18492740269504476
0.0
0.0
0.0
0.0
0.0
0.0
0.0
0.0
0.0
0.0
0.0
0.0
0.0
0.0
0.0
0.0
0.0
0.0
0.0
0.0
0.0
0.0
0.0
0.0
0.0
0.8451879259317597
0.1342644103850656
0.4253502618371089
0.26175672815915985
0.06141094662250479
0.02322743477764945
0.02736890522378309
0.03588599457630154
0.041948711896915264
0.011295430033176151
0.09977999369056778
0.0
0.0
0.0
0.0
0.0
0.0
0.0
0.0
0.0
0.0
0.0
0.0
0.0
0.0
0.0
0.0
0.0
0.0
0.0
0.0
0.0
0.0
0.0
0.0
0.0
0.6026755302803352
0.027162579773219266
0.7572864269430956
0.09967820904661849
0.008779431405527288
0.012963538244927809
0.009291063205925768
0.02091227817598746
0.02054050034518824
0.019482801595174588
0.22595497556887909
0.0
0.0
0.0
0.0
0.0
0.0
0.0
0.0
0.0
0.0
0.0
0.0
0.0
0.0
0.0
0.0
0.0
0.0
0.0
0.0
0.0
0.0
0.0
0.0
0.0
0.6221164196181257
0.05075663186723451
0.7508370529813179
0.17181106370676524
0.011628765598127049
0.010414065630168967
0.020291315561202772
0.016056187151860326
0.0050501492185290285
0.033659729933308756
0.122669890395481
0.0
0.0
0.0
0.0
0.0
0.0
0.0
0.0
0.0
0.0
0.0
0.0
0.0
0.0
0.0
0.0
0.0
0.0
0.0
0.0
0.0
0.0
0.0
0.0
0.0
0.3149372750950251
0.13634054415918725
0.9173763913804008
0.06708216628718047
0.003963750558827392
0.004809569594029001
0.004649079231894669
0.0
0.0005905570019976624
0.010021264804946538
0.18969732880683757
0.0
0.0
0.0
0.0
0.0
0.0
0.0
0.0
0.0
0.0
0.0
0.0
0.0
0.0
0.0
0.0
0.0
0.0
0.0
0.0
0.0
0.0
0.0
0.0
0.0
0.6936311244936502
0.21405195221136714
0.6739648017709404
0.08482688596926452
0.007636621142829091
0.008816466382227918
0.004281112859475732
0.001523578572483794
0.002859165965790148
0.003025544493050275
0.10704879377350413
0.0
0.0
0.0
0.0
0.0
0.0
0.0
0.0
0.0
0.0
0.0
0.0
0.0
0.0
0.0
0.0
0.0
0.0
0.0
0.0
0.0
0.0
0.0
0.0
0.0
0.7078275377465111
0.2832232470115196
0.6250295800021565
0.1621164680755474
0.01315067513963448
0.007118717455348095
0.004825770634828303
0.008054088319953467
0.011675440191876886
0.017594393812911387
0.032609702052613786
0.0
0.0
0.0
0.0
0.0
0.0
0.0
0.0
0.0
0.0
0.0
0.0
0.0
0.0
0.0
0.0
0.0
0.0
0.0
0.0
0.0
0.0
0.0
0.0
0.0
0.8629400413773917
0.4627247257599281
0.18969432232365127
0.03819225700011663
0.004299437433978752
0.0008338815917630237
0.00030117773948257806
0.0012616828122623653
0.0008140550793664094
0.012596152368262302
0.059979495904257815
0.0
0.0
0.0
0.0
0.0
0.0
0.0
0.0
0.0
0.0
0.0
0.0
0.0
0.0
0.0
0.0
0.0
0.0
0.0
0.0
0.0
0.0
0.0
0.0
0.0
0.9302456657359063
0.35950415362267435
0.03946192865761124
0.019062592348204736
0.0075550724675747345
0.005929654712777888
0.004658622926130332
0.005232910178189752
0.007618023482391261
0.01566722324129305
0.055084629978041845
0.0
0.0
0.0
0.0
0.0
0.0
0.0
0.0
0.0
0.0
0.0
0.0
0.0
0.0
0.0
0.0
0.0
0.0
0.0
0.0
0.0
0.0
0.0
0.0
0.0
0.9648401712651444
0.2540087620316421
0.03506811326899994
0.03995799335532604
0.020369725235595857
0.007486641299305652
0.00647406293464064
0.004242828624806567
0.006093194862418334
0.013269744505391989
0.031503574247353436
0.0
0.0
0.0
0.0
0.0
0.0
0.0
0.0
0.0
0.0
0.0
0.0
0.0
0.0
0.0
0.0
0.0
0.0
0.0
0.0
0.0
0.0
0.0
0.0
0.0
0.7401624640876688
0.14557094116329194
0.4920370904183281
0.1789082217598617
0.08954007055802389
0.03754720750602082
0.014750834027722738
0.01474432462151275
0.010320579527911896
0.05405325333287583
0.3794331428409226
0.0
0.0
0.0
0.0
0.0
0.0
0.0
0.0
0.0
0.0
0.0
0.0
0.0
0.0
0.0
0.0
0.0
0.0
0.0
0.0
0.0
0.0
0.0
0.0
0.0
0.7913270522022777
0.20592248702291893
0.4732691260443932
0.22058377326044884
0.04614003901800813
0.12218302898265884
0.10459225929429099
0.055750269306056845
0.035759184858112504
0.1002969140100232
0.1277229025387193
0.0
0.0
0.0
0.0
0.0
0.0
0.0
0.0
0.0
0.0
0.0
0.0
0.0
0.0
0.0
0.0
0.0
0.0
0.0
0.0
0.0
0.0
0.0
0.0
0.0
0.8168692889298906
0.5026940185260118
0.18828729450294546
0.08978215491513114
0.024620437749043104
0.010974962449768444
0.002848096265033404
0.016624535760797553
0.042617616317334406
0.0673294190220454
0.17073293017212005
0.0
0.0
0.0
0.0
0.0
0.0
0.0
0.0
0.0
0.0
0.0
0.0
0.0
0.0
0.0
0.0
0.0
0.0
0.0
0.0
0.0
0.0
0.0
0.0
0.0
0.987811378463569
0.1300211724097345
0.05381136044358609
0.02923425944171578
0.01137773931209795
0.002784529279487878
0.0046752284815330504
0.012047136908570276
0.010489625862481812
0.03178729750542984
0.04634877029180161
0.0
0.0
0.0
0.0
0.0
0.0
0.0
0.0
0.0
0.0
0.0
0.0
0.0
0.0
0.0
0.0
0.0
0.0
0.0
0.0
0.0
0.0
0.0
0.0
0.0
0.9733459616067711
0.22272689440981094
0.02368007028316678
0.015575891446306342
0.017917281535562848
0.011808726800711085
0.0016405002370588012
0.001283021162508167
0.003965114678437458
0.021849775461253797
0.03505806889516411
0.0
0.0
0.0
0.0
0.0
0.0
0.0
0.0
0.0
0.0
0.0
0.0
0.0
0.0
0.0
0.0
0.0
0.0
0.0
0.0
0.0
0.0
0.0
0.0
0.0
0.9960535614405395
0.07283535009981085
0.018594261779712927
0.01688788100030014
0.017190788691569637
0.010435018283410636
0.001913026515097322
0.007176898472755449
0.005535885253767816
0.015648550436399802
0.03473131009320524
0.0
0.0
0.0
0.0
0.0
0.0
0.0
0.0
0.0
0.0
0.0
0.0
0.0
0.0
0.0
0.0
0.0
0.0
0.0
0.0
0.0
0.0
0.0
0.0
0.0
0.9898368917975295
0.12458333273199225
0.03614918865961778
0.025854950475459555
0.009404614445329017
0.01236503073647506
0.007552497814911917
0.002882859567012689
0.0052982495933137945
0.0301453388988899
0.038511995151768064
0.0
0.0
0.0
0.0
0.0
0.0
0.0
0.0
0.0
0.0
0.0
0.0
0.0
0.0
0.0
0.0
0.0
0.0
0.0
0.0
0.0
0.0
0.0
0.0
0.0
0.9514624157732834
0.24678468233657122
0.1433804145389468
0.05303230067461918
0.02132765787090137
0.011334752691942045
0.008263804652469871
0.009443966639474641
0.005821722853937141
0.009222831402236098
0.09791039826582358
0.0
0.0
0.0
0.0
0.0
0.0
0.0
0.0
0.0
0.0
0.0
0.0
0.0
0.0
0.0
0.0
0.0
0.0
0.0
0.0
0.0
0.0
0.0
0.0
0.0
0.888154073727365
0.1788172056178974
0.22723895865877022
0.1678149604546876
0.03677957180072838
0.014642652831077123
0.006630893422964933
0.010943699202682788
0.03398078072522997
0.06454846536818884
0.30390009491291026
0.0
0.0
0.0
0.0
0.0
0.0
0.0
0.0
0.0
0.0
0.0
0.0
0.0
0.0
0.0
0.0
0.0
0.0
0.0
0.0
0.0
0.0
0.0
0.0
0.0
0.459279447404633
0.221860846076377
0.6444810295413559
0.2198293165255413
0.12991963375852278
0.05478815700714915
0.015572026055759795
0.013489197854725594
0.0331638847727666
0.09755178801662225
0.4952150380292396
0.0
0.0
0.0
0.0
0.0
0.0
0.0
0.0
0.0
0.0
0.0
0.0
0.0
0.0
0.0
0.0
0.0
0.0
0.0
0.0
0.0
0.0
0.0
0.0
0.0
0.2822145066281698
0.32156635556990754
0.5937071954010126
0.29565980070324244
0.07820815856512978
0.11439680594061767
0.044016671520515076
0.052573431956423666
0.04030507138696396
0.1297161540806451
0.5785254893151399
0.0
0.0
0.0
0.0
0.0
0.0
0.0
0.0
0.0
0.0
0.0
0.0
0.0
0.0
0.0
0.0
0.0
0.0
0.0
0.0
0.0
0.0
0.0
0.0
0.0
0.8509311256846608
0.309404671926109
0.31462557050315954
0.13470121160660417
0.06502486905562391
0.02177111743639532
0.011372619247255186
0.0147801378707438
0.011819580896025713
0.08482054336270997
0.22509347201896518
0.0
0.0
0.0
0.0
0.0
0.0
0.0
0.0
0.0
0.0
0.0
0.0
0.0
0.0
0.0
0.0
0.0
0.0
0.0
0.0
0.0
0.0
0.0
0.0
0.0
0.5984497368722499
0.2789286133438189
0.4976600800252691
0.10673337439588487
0.032523698984185063
0.01735409843005454
0.0014732914333514917
0.026048294761716162
0.04166785820996085
0.1644872658041201
0.523609837226006
0.0
0.0
0.0
0.0
0.0
0.0
0.0
0.0
0.0
0.0
0.0
0.0
0.0
0.0
0.0
0.0
0.0
0.0
0.0
0.0
0.0
0.0
0.0
0.0
0.0
0.6771854481574296
0.32290638076905265
0.5518784839512109
0.25788338707227054
0.0768403105181715
0.009272325194781517
0.025217635239877436
0.06413753907561721
0.017039822736183888
0.0878265477100886
0.21756335919435418
0.0
0.0
0.0
0.0
0.0
0.0
0.0
0.0
0.0
0.0
0.0
0.0
0.0
0.0
0.0
0.0
0.0
0.0
0.0
0.0
0.0
0.0
0.0
0.0
0.0
0.6549664066615754
0.3558255673172644
0.40325128138325594
0.13780294947794478
0.11150881857555477
0.09000019447515065
0.0658145273904558
0.04962532235660331
0.1174907107513734
0.20318666815368527
0.42472174123483064
0.0
0.0
0.0
0.0
0.0
0.0
0.0
0.0
0.0
0.0
0.0
0.0
0.0
0.0
0.0
0.0
0.0
0.0
0.0
0.0
0.0
0.0
0.0
0.0
0.0
0.2955630660288041
0.19441066588703007
0.7259430563231228
0.24212565771389585
0.03296167556181809
0.008403684223557802
0.015491346247317243
0.06549707451002815
0.06149865616720992
0.1349974629512854
0.5114053867392445
0.0
0.0
0.0
0.0
0.0
0.0
0.0
0.0
0.0
0.0
0.0
0.0
0.0
0.0
0.0
0.0
0.0
0.0
0.0
0.0
0.0
0.0
0.0
0.0
0.0
0.3048312014248154
0.2768570818152848
0.5410194689056618
0.22788910877664056
0.10926833956707163
0.057553687348251226
0.019408752459945614
0.05295658592009042
0.15034973509699312
0.3277246701567671
0.5808192355251902
0.0
0.0
0.0
0.0
0.0
0.0
0.0
0.0
0.0
0.0
0.0
0.0
0.0
0.0
0.0
0.0
0.0
0.0
0.0
0.0
0.0
0.0
0.0
0.0
0.0
0.35067373631114235
0.25081204922027184
0.4883013246334119
0.1532886859476566
0.09501896226953382
0.057600735296938155
0.00871929681447303
0.06203402350065569
0.12055290972943074
0.25301461552605864
0.676288065789298
0.0
0.0
0.0
0.0
0.0
0.0
0.0
0.0
0.0
0.0
0.0
0.0
0.0
0.0
0.0
0.0
0.0
0.0
0.0
0.0
0.0
0.0
0.0
0.0
0.0
0.6487649615601883
0.2399595413310233
0.4835064231464898
0.147037086438512
0.09458640169986987
0.022010282085042746
0.0005634524083217779
0.02375154881093553
0.07808362969489939
0.1833375344393251
0.46520950006381606
0.0
0.0
0.0
0.0
0.0
0.0
0.0
0.0
0.0
0.0
0.0
0.0
0.0
0.0
0.0
0.0
0.0
0.0
0.0
0.0
0.0
0.0
0.0
0.0
0.0
0.3802588944601514
0.2808195025756895
0.6309056944274287
0.14506875029403893
0.07017480916896694
0.016963573906476574
0.0010542221810823506
0.00834823445653488
0.022289231577561738
0.10038084558611972
0.5844659506719132
0.0
0.0
0.0
0.0
0.0
0.0
0.0
0.0
0.0
0.0
0.0
0.0
0.0
0.0
0.0
0.0
0.0
0.0
0.0
0.0
0.0
0.0
0.0
0.0
0.0
0.4522803561153048
0.15427061000307674
0.400968289843127
0.0769383587116052
0.017701223300183228
0.039900120372117084
0.026865282693139793
0.04321067268312761
0.08184020643680719
0.17008926949289155
0.7515487611022629
0.0
0.0
0.0
0.0
0.0
0.0
0.0
0.0
0.0
0.0
0.0
0.0
0.0
0.0
0.0
0.0
0.0
0.0
0.0
0.0
0.0
0.0
0.0
0.0
0.0
0.42902806883807054
0.21365136604599178
0.5397050127527845
0.23049351094858975
0.06212634226236423
0.03181429502717769
0.0159457593839756
0.01654280279743947
0.02797163484433496
0.12354327978977477
0.6359513604679873
0.0
0.0
0.0
0.0
0.0
0.0
0.0
0.0
0.0
0.0
0.0
0.0
0.0
0.0
0.0
0.0
0.0
0.0
0.0
0.0
0.0
0.0
0.0
0.0
0.0
0.7453588186815888
0.31911181216934487
0.3787878864117861
0.21039969899396596
0.1436923875456072
0.11820802606593406
0.03982856413739554
0.06997911196763083
0.13071845036960247
0.19637921336579192
0.2410465671013372
0.0
0.0
0.0
0.0
0.0
0.0
0.0
0.0
0.0
0.0
0.0
0.0
0.0
0.0
0.0
0.0
0.0
0.0
0.0
0.0
0.0
0.0
0.0
0.0
0.0
0.7366828032487507
0.15799668208502168
0.38914131705858657
0.22694306505199174
0.15904141246555656
0.0633501594653149
0.019957612474024507
0.0298707584260814
0.06959399999366771
0.18273864940061624
0.4007076933658631
0.0
0.0
0.0
0.0
0.0
0.0
0.0
0.0
0.0
0.0
0.0
0.0
0.0
0.0
0.0
0.0
0.0
0.0
0.0
0.0
0.0
0.0
0.0
0.0
0.0
0.7320358252072245
0.3420678347724331
0.35232824850580063
0.1747958713013094
0.043570364839127594
0.028825842170531593
0.009658874337826006
0.03918694249009594
0.07228667892902416
0.1286300298255111
0.40779295114111214
0.0
0.0
0.0
0.0
0.0
0.0
0.0
0.0
0.0
0.0
0.0
0.0
0.0
0.0
0.0
0.0
0.0
0.0
0.0
0.0
0.0
0.0
0.0
0.0
0.0
0.6681879720609591
0.22833969191575657
0.4402161571977926
0.17603937885569992
0.15206266035796231
0.13845580384507944
0.09069438551933975
0.14955383417591162
0.15222643861852758
0.2221131178478767
0.3622342918794796
0.0
0.0
0.0
0.0
0.0
0.0
0.0
0.0
0.0
0.0
0.0
0.0
0.0
0.0
0.0
0.0
0.0
0.0
0.0
0.0
0.0
0.0
0.0
0.0
0.0
0.6979940979135418
0.23280376961482988
0.49765866859485225
0.2318540783582978
0.0700899983406987
0.018099695480004372
0.0008788627950433389
0.03505669060169865
0.05286262183719078
0.14004324418296907
0.3582033810890028
0.0
0.0
0.0
0.0
0.0
0.0
0.0
0.0
0.0
0.0
0.0
0.0
0.0
0.0
0.0
0.0
0.0
0.0
0.0
0.0
0.0
0.0
0.0
0.0
0.0
0.5345556101213956
0.22516639156909896
0.6225284209683932
0.1190235649653851
0.15005779147138987
0.11728394086900873
0.0506692743781361
0.049763725728508935
0.11605116004328843
0.21946313153942834
0.39861453395619295
0.0
0.0
0.0
0.0
0.0
0.0
0.0
0.0
0.0
0.0
0.0
0.0
0.0
0.0
0.0
0.0
0.0
0.0
0.0
0.0
0.0
0.0
0.0
0.0
0.0
0.5323031833000545
0.16710185161811203
0.6060581923139534
0.12219351696918657
0.09955457073089459
0.04673666366845983
0.031257054148005815
0.09470204115593525
0.1288729931598767
0.23227965150082705
0.4624819034184544
0.0
0.0
0.0
0.0
0.0
0.0
0.0
0.0
0.0
0.0
0.0
0.0
0.0
0.0
0.0
0.0
0.0
0.0
0.0
0.0
0.0
0.0
0.0
0.0
0.0
0.7533296553622013
0.22909188451179444
0.3787099858908999
0.23644968560898444
0.08465533832515873
0.032776444965785065
0.030342041496212186
0.06808980943566141
0.12821689007558665
0.22157309238161382
0.3183547425651727
0.0
0.0
0.0
0.0
0.0
0.0
0.0
0.0
0.0
0.0
0.0
0.0
0.0
0.0
0.0
0.0
0.0
0.0
0.0
0.0
0.0
0.0
0.0
0.0
0.0
0.9235452747837946
0.21235750451490165
0.12912603318360105
0.14877057017163392
0.10770352792969635
0.14633665954477432
0.041513797313056405
0.041673926552373335
0.07854793607404972
0.060096171123701345
0.1300242026843963
0.0
0.0
0.0
0.0
0.0
0.0
0.0
0.0
0.0
0.0
0.0
0.0
0.0
0.0
0.0
0.0
0.0
0.0
0.0
0.0
0.0
0.0
0.0
0.0
0.0
0.832999448213095
0.15983710427141865
0.3500187065813388
0.20092737527820884
0.15082495483477934
0.05549814840236885
0.07308788949637367
0.14057695472964776
0.11481040734285096
0.061793560974060906
0.22304104824125262
0.0
0.0
0.0
0.0
0.0
0.0
0.0
0.0
0.0
0.0
0.0
0.0
0.0
0.0
0.0
0.0
0.0
0.0
0.0
0.0
0.0
0.0
0.0
0.0
0.0
0.6917474038197057
0.2954267313225974
0.19227730660477063
0.15233522160042673
0.17650189655118237
0.1410153680580116
0.12202066977510423
0.34040847078093006
0.261857013779825
0.24660313546235726
0.25068818664124626
0.0
0.0
0.0
0.0
0.0
0.0
0.0
0.0
0.0
0.0
0.0
0.0
0.0
0.0
0.0
0.0
0.0
0.0
0.0
0.0
0.0
0.0
0.0
0.0
0.0
0.6020720008113519
0.33442402011159383
0.33006790346361886
0.2823910097578268
0.12912055239921985
0.2264773537442648
0.08827300864418221
0.0927986975804116
0.08307410860411274
0.25345331888465045
0.42599607252871285
0.0
0.0
0.0
0.0
0.0
0.0
0.0
0.0
0.0
0.0
0.0
0.0
0.0
0.0
0.0
0.0
0.0
0.0
0.0
0.0
0.0
0.0
0.0
0.0
0.0
0.5738453874690287
0.3346605086361533
0.35022195296502373
0.2691411777784872
0.11287231771556933
0.06363398376131729
0.06927928929531309
0.08448382176993657
0.1281949249562533
0.13073491300357673
0.5489620105260059
0.0
0.0
0.0
0.0
0.0
0.0
0.0
0.0
0.0
0.0
0.0
0.0
0.0
0.0
0.0
0.0
0.0
0.0
0.0
0.0
0.0
0.0
0.0
0.0
0.0
0.5864082753497921
0.2909268441084919
0.6061255189697886
0.26197133410319196
0.09477075175587182
0.04557000951762159
0.019749581147034553
0.08310399889361116
0.16513521230363282
0.17213919300495753
0.24538500256899995
0.0
0.0
0.0
0.0
0.0
0.0
0.0
0.0
0.0
0.0
0.0
0.0
0.0
0.0
0.0
0.0
0.0
0.0
0.0
0.0
0.0
0.0
0.0
0.0
0.0
0.45164822061241466
0.18061098148691548
0.3666654294419933
0.40277461152055244
0.21014871124362852
0.060722304200910765
0.05321719476190214
0.17594940334168932
0.20362176002965351
0.3723191865044134
0.4527684774078564
0.0
0.0
0.0
0.0
0.0
0.0
0.0
0.0
0.0
0.0
0.0
0.0
0.0
0.0
0.0
0.0
0.0
0.0
0.0
0.0
0.0
0.0
0.0
0.0
0.0
0.6317401353045272
0.29432126088859734
0.45145782146553676
0.25428930941767236
0.07239611702299102
0.09238674980536282
0.021167521307398712
0.07516211574152473
0.07303224755509695
0.143537012448401
0.44720429264669453
0.0
0.0
0.0
0.0
0.0
0.0
0.0
0.0
0.0
0.0
0.0
0.0
0.0
0.0
0.0
0.0
0.0
0.0
0.0
0.0
0.0
0.0
0.0
0.0
0.0
0.42809265735234847
0.0818486554145109
0.7092133661761363
0.1553510808507196
0.027757597893812706
0.06847854282615556
0.016825956849903113
0.013218031722635595
0.004364471670510727
0.061962235270068236
0.5226317305482694
0.0
0.0
0.0
0.0
0.0
0.0
0.0
0.0
0.0
0.0
0.0
0.0
0.0
0.0
0.0
0.0
0.0
0.0
0.0
0.0
0.0
0.0
0.0
0.0
0.0
0.6150475851100112
0.12400595929749478
0.590291369523996
0.14186653257536175
0.0646770367048879
0.06188953372472412
0.07554988411192963
0.07497948031543872
0.10011086314755815
0.15602186610424998
0.4290231084306422
0.0
0.0
0.0
0.0
0.0
0.0
0.0
0.0
0.0
0.0
0.0
0.0
0.0
0.0
0.0
0.0
0.0
0.0
0.0
0.0
0.0
0.0
0.0
0.0
0.0
0.5188403976052155
0.3239408873953899
0.44083389994267497
0.11795705351694682
0.060656919050212525
0.057872363018242855
0.07861575973626707
0.08147187338774607
0.09843029291830988
0.2146202366271657
0.5848261321770749
0.0
0.0
0.0
0.0
0.0
0.0
0.0
0.0
0.0
0.0
0.0
0.0
0.0
0.0
0.0
0.0
0.0
0.0
0.0
0.0
0.0
0.0
0.0
0.0
0.0
0.17096998937065527
0.19698043975953913
0.7790557549426763
0.16482248139453576
0.09528806470310489
0.051972116945039705
0.029646249387169133
0.03742103729503774
0.16850847546534245
0.1143710140494183
0.49227803515539875
0.0
0.0
0.0
0.0
0.0
0.0
0.0
0.0
0.0
0.0
0.0
0.0
0.0
0.0
0.0
0.0
0.0
0.0
0.0
0.0
0.0
0.0
0.0
0.0
0.0
0.26482180160905483
0.15202030209602174
0.5939388735209252
0.17544214368428265
0.03514348888157007
0.01646352814950592
0.027429672446545074
0.016006126244372698
0.013776617687428867
0.24734580722839392
0.6777399728193557
0.0
0.0
0.0
0.0
0.0
0.0
0.0
0.0
0.0
0.0
0.0
0.0
0.0
0.0
0.0
0.0
0.0
0.0
0.0
0.0
0.0
0.0
0.0
0.0
0.0
0.19963465285952012
0.15816421406916417
0.5591133218736347
0.1308164112739042
0.11404359159505593
0.16731674239182115
0.054302126822151305
0.15384758233772555
0.10623046605278547
0.2544229444764213
0.6795401882004192
0.0
0.0
0.0
0.0
0.0
0.0
0.0
0.0
0.0
0.0
0.0
0.0
0.0
0.0
0.0
0.0
0.0
0.0
0.0
0.0
0.0
0.0
0.0
0.0
0.0
