0.21123401045039256
0.17082985693817468
0.6693244642697184
0.23215159063457483
0.14309509283035468
0.11855884070861177
0.04502708822289873
0.15443471683779383
0.22347722466685355
0.3188498324657327
0.46074997878924767
0.0
0.0
0.0
0.0
0.0
0.0
0.0
0.0
0.0
0.0
0.0
0.0
0.0
0.0
0.0
0.0
0.0
0.0
0.0
0.0
0.0
0.0
0.0
0.0
0.0
0.4338750091935234
0.4059346433131455
0.21773775491407538
0.174427487964446
0.21391210846138997
0.4093852040735868
0.32848212683343214
0.2034989671558863
0.25805711385692537
0.3071138480554491
0.2134373464510174
0.0
0.0
0.0
0.0
0.0
0.0
0.0
0.0
0.0
0.0
0.0
0.0
0.0
0.0
0.0
0.0
0.0
0.0
0.0
0.0
0.0
0.0
0.0
0.0
0.0
0.3135651343963992
0.4203885974430835
0.389742370039272
0.3077943539393578
0.2973783306926495
0.20176029579751042
0.15329351332051921
0.21910747537119327
0.33635492684864315
0.18086078851933016
0.3630709533346173
0.0
0.0
0.0
0.0
0.0
0.0
0.0
0.0
0.0
0.0
0.0
0.0
0.0
0.0
0.0
0.0
0.0
0.0
0.0
0.0
0.0
0.0
0.0
0.0
0.0
0.3117545056238169
0.22552422554942725
0.45002872632615587
0.3328679510702824
0.303252024014433
0.1886141388446944
0.12449399693123546
0.21305054239562884
0.29612336522382865
0.342490321874918
0.3810590298204185
0.0
0.0
0.0
0.0
0.0
0.0
0.0
0.0
0.0
0.0
0.0
0.0
0.0
0.0
0.0
0.0
0.0
0.0
0.0
0.0
0.0
0.0
0.0
0.0
0.0
0.22388255880997063
0.07640644142154987
0.4588301474904638
0.39588755180847085
0.42303829977975704
0.1191140822856373
0.1215926138292624
0.24144070113015373
0.2947539917002108
0.3219691187375724
0.34643127027415316
0.0
0.0
0.0
0.0
0.0
0.0
0.0
0.0
0.0
0.0
0.0
0.0
0.0
0.0
0.0
0.0
0.0
0.0
0.0
0.0
0.0
0.0
0.0
0.0
0.0
0.36846578891645015
0.25078143157952476
0.35577249421716817
0.409238260075267
0.2212551183531278
0.17284650434936374
0.13411147133925552
0.22410858462126568
0.19117246040905878
0.3825705914708628
0.42112250217243
0.0
0.0
0.0
0.0
0.0
0.0
0.0
0.0
0.0
0.0
0.0
0.0
0.0
0.0
0.0
0.0
0.0
0.0
0.0
0.0
0.0
0.0
0.0
0.0
0.0
0.32962637759494917
0.43747245366819926
0.2653652217078649
0.28924840297976895
0.2757881298755913
0.45818991784732166
0.05725657400438415
0.13538044438456773
0.19939953694158846
0.34569198256500694
0.2810953013282282
0.0
0.0
0.0
0.0
0.0
0.0
0.0
0.0
0.0
0.0
0.0
0.0
0.0
0.0
0.0
0.0
0.0
0.0
0.0
0.0
0.0
0.0
0.0
0.0
0.0
0.25519090609524187
0.28440446580921896
0.3550336007397452
0.3307978434147348
0.27708111260231
0.28152908777860625
0.13669890970157653
0.27239194154238244
0.42914513763215334
0.3626325907030207
0.23223081936184337
0.0
0.0
0.0
0.0
0.0
0.0
0.0
0.0
0.0
0.0
0.0
0.0
0.0
0.0
0.0
0.0
0.0
0.0
0.0
0.0
0.0
0.0
0.0
0.0
0.0
0.41073922953220937
0.4761194789274464
0.44721306689118534
0.2323652360433665
0.24029317564345257
0.09425743825559993
0.07876741077977817
0.15198099283363983
0.22777374956563662
0.3500308523894052
0.2833374600415891
0.0
0.0
0.0
0.0
0.0
0.0
0.0
0.0
0.0
0.0
0.0
0.0
0.0
0.0
0.0
0.0
0.0
0.0
0.0
0.0
0.0
0.0
0.0
0.0
0.0
0.31779262237751615
0.39374430173783265
0.19516275127634766
0.1465765412399849
0.19908026206908672
0.16457020548571774
0.1817216037079998
0.2506567186205445
0.4863113375763752
0.46344434676980545
0.2656179160987242
0.0
0.0
0.0
0.0
0.0
0.0
0.0
0.0
0.0
0.0
0.0
0.0
0.0
0.0
0.0
0.0
0.0
0.0
0.0
0.0
0.0
0.0
0.0
0.0
0.0
0.1446602561071763
0.16540946018200067
0.26087964374975275
0.3749359563042652
0.35315657372115467
0.47201497546719273
0.17541325180138123
0.23272031910680144
0.24914685849252022
0.32625233932889836
0.37698402679394366
0.0
0.0
0.0
0.0
0.0
0.0
0.0
0.0
0.0
0.0
0.0
0.0
0.0
0.0
0.0
0.0
0.0
0.0
0.0
0.0
0.0
0.0
0.0
0.0
0.0
0.6947422912011139
0.24096762720218484
0.41627454901044625
0.2313057365000122
0.15147548323827742
0.11101007033861936
0.012000301916034028
0.08170949550707214
0.12309073273482114
0.32700630673060843
0.26135789216660904
0.0
0.0
0.0
0.0
0.0
0.0
0.0
0.0
0.0
0.0
0.0
0.0
0.0
0.0
0.0
0.0
0.0
0.0
0.0
0.0
0.0
0.0
0.0
0.0
0.0
0.234094096761331
0.18753038608990155
0.3243428616283707
0.43496394497699736
0.46394339947883734
0.17545504798154257
0.11421493849648473
0.3232342114555863
0.2664765902147201
0.3299262532751758
0.26874880034954785
0.0
0.0
0.0
0.0
0.0
0.0
0.0
0.0
0.0
0.0
0.0
0.0
0.0
0.0
0.0
0.0
0.0
0.0
0.0
0.0
0.0
0.0
0.0
0.0
0.0
0.43552573713468906
0.34395121801057077
0.2512428247684264
0.3015656206892107
0.3186021065674674
0.40734523306250076
0.19063073025249747
0.21689384873960166
0.1719532734561552
0.33455685670051744
0.21361983657838796
0.0
0.0
0.0
0.0
0.0
0.0
0.0
0.0
0.0
0.0
0.0
0.0
0.0
0.0
0.0
0.0
0.0
0.0
0.0
0.0
0.0
0.0
0.0
0.0
0.0
0.4165375195162184
0.3080958671175451
0.5059582345091383
0.4130880335373453
0.1134985977816821
0.14069857235902078
0.03133491769809622
0.14314719085806182
0.19202154702227187
0.24694034710586368
0.39106923703027613
0.0
0.0
0.0
0.0
0.0
0.0
0.0
0.0
0.0
0.0
0.0
0.0
0.0
0.0
0.0
0.0
0.0
0.0
0.0
0.0
0.0
0.0
0.0
0.0
0.0
0.4679645642900996
0.40376890381592834
0.3467675190179462
0.3130300508644631
0.17443537822272337
0.12557649174439772
0.21761333541109343
0.23923313751856162
0.1978643706831945
0.23665409077613994
0.3921780612589151
0.0
0.0
0.0
0.0
0.0
0.0
0.0
0.0
0.0
0.0
0.0
0.0
0.0
0.0
0.0
0.0
0.0
0.0
0.0
0.0
0.0
0.0
0.0
0.0
0.0
0.322425048483105
0.3708793343798138
0.36049671676087214
0.4084369870919941
0.14324389213209218
0.10864407480113383
0.04219825023372904
0.13040962111553925
0.15685374574579047
0.3672534834152378
0.5011227637620909
0.0
0.0
0.0
0.0
0.0
0.0
0.0
0.0
0.0
0.0
0.0
0.0
0.0
0.0
0.0
0.0
0.0
0.0
0.0
0.0
0.0
0.0
0.0
0.0
0.0
0.23666980889989464
0.2579703693545186
0.5699853428294228
0.29080407209028464
0.2350765986572501
0.34552081177231914
0.08008013128329233
0.19922257011355501
0.20173897711279143
0.25184320745218775
0.3783076475652184
0.0
0.0
0.0
0.0
0.0
0.0
0.0
0.0
0.0
0.0
0.0
0.0
0.0
0.0
0.0
0.0
0.0
0.0
0.0
0.0
0.0
0.0
0.0
0.0
0.0
0.21168160490081162
0.19723152469472569
0.33135670077983215
0.32628403522977395
0.3194911005096236
0.2594317077306318
0.30891309737555767
0.20426218167991173
0.22093579673714728
0.23910171635384772
0.5362090236995053
0.0
0.0
0.0
0.0
0.0
0.0
0.0
0.0
0.0
0.0
0.0
0.0
0.0
0.0
0.0
0.0
0.0
0.0
0.0
0.0
0.0
0.0
0.0
0.0
0.0
0.3675266016491603
0.19096133782066538
0.13965463107570944
0.32792443620410067
0.45823696412765347
0.3855475310668636
0.19548349017256392
0.32515662232344705
0.20396678575051458
0.1847381525425895
0.35088579342504556
0.0
0.0
0.0
0.0
0.0
0.0
0.0
0.0
0.0
0.0
0.0
0.0
0.0
0.0
0.0
0.0
0.0
0.0
0.0
0.0
0.0
0.0
0.0
0.0
0.0
0.15685879059817534
0.11780843853964486
0.5286752968741396
0.33343687139703243
0.30824128009374335
0.2586737510166127
0.3761489795519236
0.22519051124311654
0.34283883717257696
0.3003369414884747
0.09473336688679398
0.0
0.0
0.0
0.0
0.0
0.0
0.0
0.0
0.0
0.0
0.0
0.0
0.0
0.0
0.0
0.0
0.0
0.0
0.0
0.0
0.0
0.0
0.0
0.0
0.0
0.13980325830549534
0.2009250993822425
0.35793175314407744
0.22642740453717647
0.20870592818624917
0.1315622587704087
0.05580499456679675
0.09513935872401542
0.28971481480832695
0.532683627129094
0.5656683092152717
0.0
0.0
0.0
0.0
0.0
0.0
0.0
0.0
0.0
0.0
0.0
0.0
0.0
0.0
0.0
0.0
0.0
0.0
0.0
0.0
0.0
0.0
0.0
0.0
0.0
0.5527389051026421
0.30713306840617965
0.26648559968625957
0.44124107111224414
0.32432219497418735
0.23105257396415782
0.10481253874829126
0.1769050148151564
0.19898051146426685
0.2385749038808439
0.1925571708938054
0.0
0.0
0.0
0.0
0.0
0.0
0.0
0.0
0.0
0.0
0.0
0.0
0.0
0.0
0.0
0.0
0.0
0.0
0.0
0.0
0.0
0.0
0.0
0.0
0.0
0.2981213608366256
0.39979928197090003
0.4519275090223572
0.3527028909599017
0.2287046327891434
0.27002843889740824
0.2413649136696071
0.16326950377382404
0.28637449562969014
0.29721519975481364
0.20533884105915595
0.0
0.0
0.0
0.0
0.0
0.0
0.0
0.0
0.0
0.0
0.0
0.0
0.0
0.0
0.0
0.0
0.0
0.0
0.0
0.0
0.0
0.0
0.0
0.0
0.0
0.28210367644027284
0.3386077606906059
0.07339724461571881
0.11370455704280412
0.281172162850593
0.45461480611479793
0.16767158832982573
0.2338480148948949
0.40553214642395385
0.3894774858495901
0.3205718669165356
0.0
0.0
0.0
0.0
0.0
0.0
0.0
0.0
0.0
0.0
0.0
0.0
0.0
0.0
0.0
0.0
0.0
0.0
0.0
0.0
0.0
0.0
0.0
0.0
0.0
0.6228272646570234
0.5085053912408785
0.17451214801156767
0.15630872813094057
0.250088187640584
0.17010150887681405
0.01866721466784803
0.26574598401584143
0.1758473371215859
0.2336615191139229
0.2250634307353918
0.0
0.0
0.0
0.0
0.0
0.0
0.0
0.0
0.0
0.0
0.0
0.0
0.0
0.0
0.0
0.0
0.0
0.0
0.0
0.0
0.0
0.0
0.0
0.0
0.0
0.01966275074085856
0.017749735851781648
0.05067408702767719
0.17576651167957694
0.8791951391922803
0.4362171063777364
0.039485653687867564
0.016443223239989965
0.02143211042746663
0.015432907957086149
0.006334845494219981
0.0
0.0
0.0
0.0
0.0
0.0
0.0
0.0
0.0
0.0
0.0
0.0
0.0
0.0
0.0
0.0
0.0
0.0
0.0
0.0
0.0
0.0
0.0
0.0
0.0
0.01637842697155307
0.01855649456581532
0.3480166820750798
0.2173943735538965
0.055113255216533916
0.003485068474527755
0.31623215552908757
0.3600365739392596
0.29312690799814717
0.4594288881956572
0.548939399310478
0.0
0.0
0.0
0.0
0.0
0.0
0.0
0.0
0.0
0.0
0.0
0.0
0.0
0.0
0.0
0.0
0.0
0.0
0.0
0.0
0.0
0.0
0.0
0.0
0.0
0.6152388103285259
0.31389219670699575
0.2802002113659497
0.12202120109971624
0.20138078517880958
0.2628215505731762
0.2080563135507516
0.21767569179009455
0.3354327849137527
0.22254601252154152
0.25924921942192064
0.0
0.0
0.0
0.0
0.0
0.0
0.0
0.0
0.0
0.0
0.0
0.0
0.0
0.0
0.0
0.0
0.0
0.0
0.0
0.0
0.0
0.0
0.0
0.0
0.0
0.2864275336561539
0.2820426786671157
0.28893777765066486
0.22417415349196657
0.2243123835724617
0.3521548842510527
0.18607689587066392
0.2602947826483505
0.35379534697216014
0.39000566452158203
0.388187385229954
0.0
0.0
0.0
0.0
0.0
0.0
0.0
0.0
0.0
0.0
0.0
0.0
0.0
0.0
0.0
0.0
0.0
0.0
0.0
0.0
0.0
0.0
0.0
0.0
0.0
0.22060727590520857
0.5180101513033231
0.2778618199184175
0.07925143281763834
0.3180021619199403
0.4318290067884258
0.15642432299239475
0.4052008629482608
0.2904779204120464
0.16720933469094676
0.10447762578845828
0.0
0.0
0.0
0.0
0.0
0.0
0.0
0.0
0.0
0.0
0.0
0.0
0.0
0.0
0.0
0.0
0.0
0.0
0.0
0.0
0.0
0.0
0.0
0.0
0.0
0.629260352741578
0.3968761251999557
0.5003825051216142
0.09935599735740287
0.20409330873162326
0.07894951945019271
0.013820176672518161
0.13017550218788776
0.09883345857786033
0.07907689320040567
0.32437865613337036
0.0
0.0
0.0
0.0
0.0
0.0
0.0
0.0
0.0
0.0
0.0
0.0
0.0
0.0
0.0
0.0
0.0
0.0
0.0
0.0
0.0
0.0
0.0
0.0
0.0
0.4125220060977933
0.2609611646206589
0.4807333350595791
0.2803736181084965
0.14115190502304847
0.11989061831626895
0.007338856543716491
0.06051658835705216
0.25306891058853453
0.43831209726943604
0.3972856086284634
0.0
0.0
0.0
0.0
0.0
0.0
0.0
0.0
0.0
0.0
0.0
0.0
0.0
0.0
0.0
0.0
0.0
0.0
0.0
0.0
0.0
0.0
0.0
0.0
0.0
0.2471523401283473
0.40922947962111833
0.2693628634832539
0.24090706768082365
0.15240545296916638
0.37838632585704385
0.23734762657770161
0.22075050745252753
0.19407927758515459
0.5084098019152384
0.27062663865781167
0.0
0.0
0.0
0.0
0.0
0.0
0.0
0.0
0.0
0.0
0.0
0.0
0.0
0.0
0.0
0.0
0.0
0.0
0.0
0.0
0.0
0.0
0.0
0.0
0.0
0.4950784509979918
0.3863796680504868
0.2848991617339043
0.22401234736196973
0.20615506844671339
0.12248941555207793
0.06426694553055393
0.31016018471879425
0.34779962856612173
0.2849466985453786
0.3380335235793901
0.0
0.0
0.0
0.0
0.0
0.0
0.0
0.0
0.0
0.0
0.0
0.0
0.0
0.0
0.0
0.0
0.0
0.0
0.0
0.0
0.0
0.0
0.0
0.0
0.0
0.0503185525884428
0.07795181907794156
0.45086748693563605
0.3813927104831312
0.18920751020133805
0.2236712728088501
0.07746316876741118
0.13320257984997258
0.33265201436074987
0.24951709549260295
0.600134762524628
0.0
0.0
0.0
0.0
0.0
0.0
0.0
0.0
0.0
0.0
0.0
0.0
0.0
0.0
0.0
0.0
0.0
0.0
0.0
0.0
0.0
0.0
0.0
0.0
0.0
0.17354587582006384
0.15544324811133617
0.42111949042540503
0.2555622800537876
0.36123440409477225
0.44510855849231207
0.38203709650333073
0.1196647355739378
0.14569647414840983
0.26745385892874296
0.3484574243366929
0.0
0.0
0.0
0.0
0.0
0.0
0.0
0.0
0.0
0.0
0.0
0.0
0.0
0.0
0.0
0.0
0.0
0.0
0.0
0.0
0.0
0.0
0.0
0.0
0.0
0.03197563099059121
0.11090964727001248
0.020334692475716266
0.5269078834582659
0.5230261150715596
0.2991338177956813
0.4104437848257227
0.37073371229997965
0.19278014822896042
0.049422510886188924
0.008915028295614046
0.0
0.0
0.0
0.0
0.0
0.0
0.0
0.0
0.0
0.0
0.0
0.0
0.0
0.0
0.0
0.0
0.0
0.0
0.0
0.0
0.0
0.0
0.0
0.0
0.0
0.23015710984143317
0.1437714434107483
0.16959976352133038
0.07819000612537017
0.22652944802333672
0.6195082828977062
0.3479884208532176
0.09902008861623807
0.4108083501641556
0.38475345484623213
0.09313418290745464
0.0
0.0
0.0
0.0
0.0
0.0
0.0
0.0
0.0
0.0
0.0
0.0
0.0
0.0
0.0
0.0
0.0
0.0
0.0
0.0
0.0
0.0
0.0
0.0
0.0
0.17078091512354054
0.07437143707599458
0.24260018312497686
0.18709702349400628
0.1413760628394985
0.14966649998555315
0.2584832553619246
0.5785810648682906
0.48463721712199814
0.3420466000083309
0.27498476364822094
0.0
0.0
0.0
0.0
0.0
0.0
0.0
0.0
0.0
0.0
0.0
0.0
0.0
0.0
0.0
0.0
0.0
0.0
0.0
0.0
0.0
0.0
0.0
0.0
0.0
0.3095341332798969
0.24015396279812415
0.521120523173433
0.3917060745110232
0.20407348580327753
0.16596039631245144
0.14009423125468853
0.2146988051533797
0.20770116117298384
0.33598520426264433
0.361355510339054
0.0
0.0
0.0
0.0
0.0
0.0
0.0
0.0
0.0
0.0
0.0
0.0
0.0
0.0
0.0
0.0
0.0
0.0
0.0
0.0
0.0
0.0
0.0
0.0
0.0
0.18004120653290553
0.051351148524610056
0.5215147548472606
0.3831977175739412
0.26407270301186003
0.17048916347670737
0.06716292777429374
0.2209485915378691
0.2838961062601332
0.2809650134325557
0.48421242134679
0.0
0.0
0.0
0.0
0.0
0.0
0.0
0.0
0.0
0.0
0.0
0.0
0.0
0.0
0.0
0.0
0.0
0.0
0.0
0.0
0.0
0.0
0.0
0.0
0.0
0.46882697567938175
0.09309032845854337
0.48682059130198313
0.3487920259214935
0.20277450217884133
0.2159529912998127
0.018930022826951998
0.11859071574293314
0.274822569748192
0.2404398900625772
0.42115461504607143
0.0
0.0
0.0
0.0
0.0
0.0
0.0
0.0
0.0
0.0
0.0
0.0
0.0
0.0
0.0
0.0
0.0
0.0
0.0
0.0
0.0
0.0
0.0
0.0
0.0
0.38195319219041585
0.22276299693102164
0.4425181227029663
0.13229170779211502
0.2651218127170759
0.11649944192571077
0.17959801821780774
0.12138753744879803
0.1661054151480644
0.5328374330389157
0.3857540723967789
0.0
0.0
0.0
0.0
0.0
0.0
0.0
0.0
0.0
0.0
0.0
0.0
0.0
0.0
0.0
0.0
0.0
0.0
0.0
0.0
0.0
0.0
0.0
0.0
0.0
0.14562614580090028
0.1302420359989083
0.41266259639156894
0.35174492214866643
0.4674884905364156
0.42857285698745445
0.24523216224403413
0.1556937041974204
0.24578160233607088
0.24485249049380078
0.24668657319790388
0.0
0.0
0.0
0.0
0.0
0.0
0.0
0.0
0.0
0.0
0.0
0.0
0.0
0.0
0.0
0.0
0.0
0.0
0.0
0.0
0.0
0.0
0.0
0.0
0.0
0.25899864054478117
0.20364711878719066
0.15369876921340586
0.376935377314008
0.2650558519451548
0.5016138072956053
0.23799458520860095
0.3550075509442755
0.23152377416459474
0.2277218517404472
0.3402067973711201
0.0
0.0
0.0
0.0
0.0
0.0
0.0
0.0
0.0
0.0
0.0
0.0
0.0
0.0
0.0
0.0
0.0
0.0
0.0
0.0
0.0
0.0
0.0
0.0
0.0
0.4766999881977676
0.4032446469398617
0.38390249205970317
0.23216229480576128
0.21699475287108
0.16619656948642314
0.0833024289531597
0.07744859039371885
0.26206458867485605
0.4010143268610779
0.3028770066152187
0.0
0.0
0.0
0.0
0.0
0.0
0.0
0.0
0.0
0.0
0.0
0.0
0.0
0.0
0.0
0.0
0.0
0.0
0.0
0.0
0.0
0.0
0.0
0.0
0.0
0.01858260013976024
0.0112771120050692
0.10982391122061956
0.5760745362749562
0.46179251491461515
0.6331431628998547
0.17259091267391605
0.0667272623063759
0.021214262024460338
0.016617441058258568
0.08071817890405475
0.0
0.0
0.0
0.0
0.0
0.0
0.0
0.0
0.0
0.0
0.0
0.0
0.0
0.0
0.0
0.0
0.0
0.0
0.0
0.0
0.0
0.0
0.0
0.0
0.0
0.013880098420023492
0.3596579239848764
0.08090824834562951
0.1816857481942918
0.4211027373581195
0.11810290538638678
0.08909687887920255
0.16858427436476306
0.28391363644085665
0.6244310496828783
0.36433755366419923
0.0
0.0
0.0
0.0
0.0
0.0
0.0
0.0
0.0
0.0
0.0
0.0
0.0
0.0
0.0
0.0
0.0
0.0
0.0
0.0
0.0
0.0
0.0
0.0
0.0
0.2102207696644461
0.09691737138345591
0.33467116921891116
0.33596696498776557
0.2057718367590976
0.18252286172128
0.10080457254327879
0.7032150679676851
0.32973861217925843
0.09029799013566474
0.15596390978477734
0.0
0.0
0.0
0.0
0.0
0.0
0.0
0.0
0.0
0.0
0.0
0.0
0.0
0.0
0.0
0.0
0.0
0.0
0.0
0.0
0.0
0.0
0.0
0.0
0.0
0.009386771762372298
0.00723922395414149
0.006148367278475558
0.005699154896840831
0.0045207402206258
0.004748539925503155
0.018769084042378023
0.9038497680241564
0.4267905796316972
0.01712417093420142
0.002468982882124432
0.0
0.0
0.0
0.0
0.0
0.0
0.0
0.0
0.0
0.0
0.0
0.0
0.0
0.0
0.0
0.0
0.0
0.0
0.0
0.0
0.0
0.0
0.0
0.0
0.0
0.5121430285997733
0.38495804022333513
0.2471610347381058
0.38142487992788693
0.28412114439081165
0.3619687613835544
0.1753980705971877
0.22184933336004928
0.15882010169660463
0.13339920444931683
0.21953659868826636
0.0
0.0
0.0
0.0
0.0
0.0
0.0
0.0
0.0
0.0
0.0
0.0
0.0
0.0
0.0
0.0
0.0
0.0
0.0
0.0
0.0
0.0
0.0
0.0
0.0
0.48894370515341273
0.3592652175139471
0.1692964656391972
0.12673374504749851
0.1000719659041607
0.14127500817796218
0.1529283300076554
0.4790110607611144
0.4949377952453752
0.22602308826303774
0.09098498187877978
0.0
0.0
0.0
0.0
0.0
0.0
0.0
0.0
0.0
0.0
0.0
0.0
0.0
0.0
0.0
0.0
0.0
0.0
0.0
0.0
0.0
0.0
0.0
0.0
0.0
0.5338062095142699
0.3824557806152045
0.3024808832843462
0.21384571798549132
0.3532263192471968
0.24069443264031753
0.2194869221716621
0.25852775359523067
0.17569660149410513
0.0971898494918836
0.30581843827282146
0.0
0.0
0.0
0.0
0.0
0.0
0.0
0.0
0.0
0.0
0.0
0.0
0.0
0.0
0.0
0.0
0.0
0.0
0.0
0.0
0.0
0.0
0.0
0.0
0.0
0.39900260813177657
0.1192826547325198
0.4257115633555697
0.4168894712140805
0.3758733946132227
0.237350803377876
0.19956901473987496
0.3104524012964217
0.18881848355737385
0.20118158893274066
0.24817383299744866
0.0
0.0
0.0
0.0
0.0
0.0
0.0
0.0
0.0
0.0
0.0
0.0
0.0
0.0
0.0
0.0
0.0
0.0
0.0
0.0
0.0
0.0
0.0
0.0
0.0
0.40941297936942905
0.3489750169126199
0.3937847701669835
0.3563219237420872
0.39831133410432373
0.2759600660374423
0.1860078364254093
0.13065245693281569
0.08474081161419557
0.20798858921569582
0.30273846188647996
0.0
0.0
0.0
0.0
0.0
0.0
0.0
0.0
0.0
0.0
0.0
0.0
0.0
0.0
0.0
0.0
0.0
0.0
0.0
0.0
0.0
0.0
0.0
0.0
0.0
0.11118168775788612
0.27266523759366396
0.7331576641947499
0.3477467991085645
0.06935995953253414
0.1053516600100103
0.1430436308197658
0.0934904187410657
0.12960869807068717
0.22668164529951798
0.37623078789297487
0.0
0.0
0.0
0.0
0.0
0.0
0.0
0.0
0.0
0.0
0.0
0.0
0.0
0.0
0.0
0.0
0.0
0.0
0.0
0.0
0.0
0.0
0.0
0.0
0.0
0.11656569125069285
0.07049227065755043
0.14194694416654582
0.12174369359578803
0.49119106778637234
0.6309500599983118
0.5097373547737195
0.08037812593775895
0.12916044434576038
0.11739807206220548
0.10172822881945497
0.0
0.0
0.0
0.0
0.0
0.0
0.0
0.0
0.0
0.0
0.0
0.0
0.0
0.0
0.0
0.0
0.0
0.0
0.0
0.0
0.0
0.0
0.0
0.0
0.0
0.07902330101287937
0.4145118397255161
0.21641656375424756
0.19430401071365216
0.45211659999761117
0.6502870312913904
0.3292129191311255
0.01816909465976242
0.02802149379490238
0.009180836818366457
0.021947161908618788
0.0
0.0
0.0
0.0
0.0
0.0
0.0
0.0
0.0
0.0
0.0
0.0
0.0
0.0
0.0
0.0
0.0
0.0
0.0
0.0
0.0
0.0
0.0
0.0
0.0
0.12554740636452041
0.28192644045077564
0.3527291459507142
0.2345085516162635
0.1237184163048632
0.15195560532553423
0.24690022006828452
0.37150011486374684
0.3486286119336443
0.24259353000209052
0.5545997505873824
0.0
0.0
0.0
0.0
0.0
0.0
0.0
0.0
0.0
0.0
0.0
0.0
0.0
0.0
0.0
0.0
0.0
0.0
0.0
0.0
0.0
0.0
0.0
0.0
0.0
0.20715354028373306
0.20795560722493198
0.3275670669371984
0.04534966182543921
0.0033999345570795004
0.012062391449570942
0.05564962037031158
0.07707197796937318
0.09923641858595823
0.359306657300138
0.8101493253531673
0.0
0.0
0.0
0.0
0.0
0.0
0.0
0.0
0.0
0.0
0.0
0.0
0.0
0.0
0.0
0.0
0.0
0.0
0.0
0.0
0.0
0.0
0.0
0.0
0.0
0.009815632321686434
0.009098481999858422
0.17643110894058928
0.11161889728741273
0.04032952742248233
0.13235720082052818
0.28716463229083095
0.7336450776177466
0.5546235296815324
0.09003470875291296
0.026021582474787378
0.0
0.0
0.0
0.0
0.0
0.0
0.0
0.0
0.0
0.0
0.0
0.0
0.0
0.0
0.0
0.0
0.0
0.0
0.0
0.0
0.0
0.0
0.0
0.0
0.0
0.14374118351405124
0.22182486701689855
0.16676776250034558
0.20078842872182845
0.15437169930292408
0.3228425068493039
0.503899880054008
0.1458254110696275
0.22096543847039732
0.49102249818777194
0.4108988399661194
0.0
0.0
0.0
0.0
0.0
0.0
0.0
0.0
0.0
0.0
0.0
0.0
0.0
0.0
0.0
0.0
0.0
0.0
0.0
0.0
0.0
0.0
0.0
0.0
0.0
0.1215805806429052
0.09101408143252628
0.7648274588817839
0.20584342287964952
0.2956949604827364
0.2899309174773215
0.06609162225912957
0.04321373639064661
0.16012554331155401
0.10967639388255575
0.36633586458799827
0.0
0.0
0.0
0.0
0.0
0.0
0.0
0.0
0.0
0.0
0.0
0.0
0.0
0.0
0.0
0.0
0.0
0.0
0.0
0.0
0.0
0.0
0.0
0.0
0.0
0.24447669196309438
0.17283833991723632
0.41034644825298366
0.32620914122856765
0.29101367165858283
0.20414180637868284
0.17235722295397138
0.2645919114385571
0.40118522958270725
0.40039867810775864
0.2970084644481916
0.0
0.0
0.0
0.0
0.0
0.0
0.0
0.0
0.0
0.0
0.0
0.0
0.0
0.0
0.0
0.0
0.0
0.0
0.0
0.0
0.0
0.0
0.0
0.0
0.0
0.3714473919959193
0.36374982538045286
0.45850866575045196
0.31351838297602924
0.19045008176966302
0.29947097059073785
0.3235071480663082
0.21678500268716042
0.18517999063027535
0.25535626324840754
0.2099613494437466
0.0
0.0
0.0
0.0
0.0
0.0
0.0
0.0
0.0
0.0
0.0
0.0
0.0
0.0
0.0
0.0
0.0
0.0
0.0
0.0
0.0
0.0
0.0
0.0
0.0
0.5214472409874951
0.4718391825054043
0.14121610717388466
0.25902253257163144
0.27103093309737397
0.24253459731646002
0.14451285130935387
0.2865635485194278
0.10690284625811321
0.27028877243629706
0.31409907870939446
0.0
0.0
0.0
0.0
0.0
0.0
0.0
0.0
0.0
0.0
0.0
0.0
0.0
0.0
0.0
0.0
0.0
0.0
0.0
0.0
0.0
0.0
0.0
0.0
0.0
0.6682087538224383
0.3169406344995276
0.10679756985301236
0.29959244272156915
0.2202484490187297
0.2328833364535765
0.0819471653459148
0.1308510683044532
0.34660895110257556
0.24500699019208444
0.21245419494740644
0.0
0.0
0.0
0.0
0.0
0.0
0.0
0.0
0.0
0.0
0.0
0.0
0.0
0.0
0.0
0.0
0.0
0.0
0.0
0.0
0.0
0.0
0.0
0.0
0.0
0.04299971132971102
0.03687957998369822
0.012492017830936867
0.059003613997033806
0.3200989772991281
0.4378303402788285
0.7902879109922735
0.27022483231744976
0.02915557838496505
0.01857693726941198
0.014936187069223625
0.0
0.0
0.0
0.0
0.0
0.0
0.0
0.0
0.0
0.0
0.0
0.0
0.0
0.0
0.0
0.0
0.0
0.0
0.0
0.0
0.0
0.0
0.0
0.0
0.0
0.2132865012338295
0.19149376508849597
0.007856121252719391
0.014206800685706487
0.07777993531839754
0.47355233212504194
0.821355378366154
0.11239478064429673
0.00035034826308097937
0.00272264701441158
0.0030240799996679303
0.0
0.0
0.0
0.0
0.0
0.0
0.0
0.0
0.0
0.0
0.0
0.0
0.0
0.0
0.0
0.0
0.0
0.0
0.0
0.0
0.0
0.0
0.0
0.0
0.0
0.5606276122158506
0.372727830535426
0.04731880009310112
0.057116038422873265
0.06286792930367778
0.10037886029653025
0.1556039629289836
0.6904088449444374
0.13918178367175077
0.016304593159194865
0.08201625953381604
0.0
0.0
0.0
0.0
0.0
0.0
0.0
0.0
0.0
0.0
0.0
0.0
0.0
0.0
0.0
0.0
0.0
0.0
0.0
0.0
0.0
0.0
0.0
0.0
0.0
0.7614859562012967
0.10542308456536857
0.0067833354511492175
0.035073738800532314
0.03031909580668467
0.38048189345943684
0.5061571238291368
0.0681973195694699
0.031678722284340356
0.007681483636174536
0.0124401406242242
0.0
0.0
0.0
0.0
0.0
0.0
0.0
0.0
0.0
0.0
0.0
0.0
0.0
0.0
0.0
0.0
0.0
0.0
0.0
0.0
0.0
0.0
0.0
0.0
0.0
0.1654394962682434
0.10466506871792428
0.0
0.0668766937451724
0.12617830592612553
0.17609273061372885
0.763582737652352
0.5538912163647778
0.09366647496404265
0.09185205864224841
0.05664453743643902
0.0
0.0
0.0
0.0
0.0
0.0
0.0
0.0
0.0
0.0
0.0
0.0
0.0
0.0
0.0
0.0
0.0
0.0
0.0
0.0
0.0
0.0
0.0
0.0
0.0
0.03832479618550865
0.04614306441364325
0.008051370969341642
0.01563554067877442
0.1868154708092868
0.4756484993907911
0.48638758403105503
0.6793823204062304
0.18643850532383072
0.03623315939522552
0.027310080618388587
0.0
0.0
0.0
0.0
0.0
0.0
0.0
0.0
0.0
0.0
0.0
0.0
0.0
0.0
0.0
0.0
0.0
0.0
0.0
0.0
0.0
0.0
0.0
0.0
0.0
0.7795962982966403
0.20981826507681467
0.20394899636488265
0.17435652593669307
0.13408408258873053
0.08396692676610508
0.0358186744504185
0.05662289369288888
0.11182546833388327
0.16672160965490035
0.4543031697551924
0.0
0.0
0.0
0.0
0.0
0.0
0.0
0.0
0.0
0.0
0.0
0.0
0.0
0.0
0.0
0.0
0.0
0.0
0.0
0.0
0.0
0.0
0.0
0.0
0.0
0.4455000184055939
0.35415483438473544
0.4502585829048229
0.35532273205824844
0.3359300675122587
0.19383100796412264
0.049918527980893905
0.1316853331885114
0.04836360732944827
0.26985752166755417
0.31890841107023216
0.0
0.0
0.0
0.0
0.0
0.0
0.0
0.0
0.0
0.0
0.0
0.0
0.0
0.0
0.0
0.0
0.0
0.0
0.0
0.0
0.0
0.0
0.0
0.0
0.0
0.4873479445975039
0.33323806276773804
0.3124849888693534
0.2503531718637319
0.19122933623984575
0.2955308809067731
0.17515415372768145
0.20323544590347345
0.27199921820278855
0.2377956302570294
0.40583207656407233
0.0
0.0
0.0
0.0
0.0
0.0
0.0
0.0
0.0
0.0
0.0
0.0
0.0
0.0
0.0
0.0
0.0
0.0
0.0
0.0
0.0
0.0
0.0
0.0
0.0
0.17400739207968638
0.3191692242809566
0.2786654632764221
0.23063430251461234
0.29549400981608775
0.32086405004844754
0.30531467069688434
0.42495393839006723
0.37935985685062484
0.3301490063185691
0.1414927494415528
0.0
0.0
0.0
0.0
0.0
0.0
0.0
0.0
0.0
0.0
0.0
0.0
0.0
0.0
0.0
0.0
0.0
0.0
0.0
0.0
0.0
0.0
0.0
0.0
0.0
0.12633594667070958
0.35440221082476425
0.1947347517941176
0.3093718511208664
0.2618628709026296
0.10844063327110116
0.11366389598660373
0.30138975694212017
0.4231112144795563
0.43471007889416313
0.41559954555610834
0.0
0.0
0.0
0.0
0.0
0.0
0.0
0.0
0.0
0.0
0.0
0.0
0.0
0.0
0.0
0.0
0.0
0.0
0.0
0.0
0.0
0.0
0.0
0.0
0.0
0.007052533118135959
0.03331126703751936
0.0033318456495099787
0.020539990911763235
0.08705713599042432
0.7953191066309737
0.5976192681621654
0.03020477759489158
0.011786460988629845
0.004526982576662291
0.00869885289075808
0.0
0.0
0.0
0.0
0.0
0.0
0.0
0.0
0.0
0.0
0.0
0.0
0.0
0.0
0.0
0.0
0.0
0.0
0.0
0.0
0.0
0.0
0.0
0.0
0.0
0.009563949012952
0.017295190975856686
0.0
0.008375876142670238
0.2706164777176368
0.9088828974521872
0.3081315086078291
0.06934191375795132
0.021964567711182995
0.0014431973374123153
0.0
0.0
0.0
0.0
0.0
0.0
0.0
0.0
0.0
0.0
0.0
0.0
0.0
0.0
0.0
0.0
0.0
0.0
0.0
0.0
0.0
0.0
0.0
0.0
0.0
0.0
0.3242545977731049
0.39139069521549713
0.16244066599342488
0.34290385808186147
0.3293049866565675
0.30437697389739127
0.36938811901255
0.4494980556886556
0.17632062763074735
0.0766438270283899
0.14545037884080597
0.0
0.0
0.0
0.0
0.0
0.0
0.0
0.0
0.0
0.0
0.0
0.0
0.0
0.0
0.0
0.0
0.0
0.0
0.0
0.0
0.0
0.0
0.0
0.0
0.0
0.034415045451530776
0.17794554370312615
0.1277984955900373
0.13166360929073131
0.22071530851805848
0.3930724223915818
0.624267696410339
0.4971643510386481
0.26902804876972064
0.12139811633564793
0.07915748592131439
0.0
0.0
0.0
0.0
0.0
0.0
0.0
0.0
0.0
0.0
0.0
0.0
0.0
0.0
0.0
0.0
0.0
0.0
0.0
0.0
0.0
0.0
0.0
0.0
0.0
0.0
0.06741740403220353
0.015003750768413978
0.015267007603782369
0.055753582487544404
0.3483623992360521
0.8637325051587945
0.3367394901169375
0.10262884408648254
0.023009484980787597
0.00651426924982566
0.0
0.0
0.0
0.0
0.0
0.0
0.0
0.0
0.0
0.0
0.0
0.0
0.0
0.0
0.0
0.0
0.0
0.0
0.0
0.0
0.0
0.0
0.0
0.0
0.0
0.007407485189702183
0.014385132228043156
0.026371178212193078
0.0706377379391299
0.09105938251500298
0.3941394082985449
0.8280490543360468
0.3652944479178675
0.09544836947047373
0.025816350742619898
0.03915658932886842
0.0
0.0
0.0
0.0
0.0
0.0
0.0
0.0
0.0
0.0
0.0
0.0
0.0
0.0
0.0
0.0
0.0
0.0
0.0
0.0
0.0
0.0
0.0
0.0
0.0
0.18454887346755758
0.1577713105573007
0.26232229444669314
0.31368406419966915
0.34974550370954993
0.33626609633901405
0.13163927869897768
0.22475968989056763
0.255555237225338
0.26292026829504395
0.5797939970441516
0.0
0.0
0.0
0.0
0.0
0.0
0.0
0.0
0.0
0.0
0.0
0.0
0.0
0.0
0.0
0.0
0.0
0.0
0.0
0.0
0.0
0.0
0.0
0.0
0.0
0.41418985469990355
0.32685900136164237
0.38874170099292266
0.34692995043704494
0.2821692427789731
0.1854165197255804
0.05549772353113142
0.12398950417699298
0.07456237258633838
0.2603515851780758
0.4943023363895627
0.0
0.0
0.0
0.0
0.0
0.0
0.0
0.0
0.0
0.0
0.0
0.0
0.0
0.0
0.0
0.0
0.0
0.0
0.0
0.0
0.0
0.0
0.0
0.0
0.0
0.36389063953394996
0.2915377668171277
0.48530468048644565
0.16512013535694756
0.20852260403722062
0.19131984805125835
0.06556255814019246
0.11767391576448348
0.20570509107099993
0.3109918626032405
0.5315477003472905
0.0
0.0
0.0
0.0
0.0
0.0
0.0
0.0
0.0
0.0
0.0
0.0
0.0
0.0
0.0
0.0
0.0
0.0
0.0
0.0
0.0
0.0
0.0
0.0
0.0
0.23187320100916634
0.1919072186334486
0.3415420865932267
0.19105172885532493
0.4011009356008533
0.45295409364197703
0.12782445009067842
0.3067201068517557
0.24486162622342864
0.37291741458359384
0.2841907431735544
0.0
0.0
0.0
0.0
0.0
0.0
0.0
0.0
0.0
0.0
0.0
0.0
0.0
0.0
0.0
0.0
0.0
0.0
0.0
0.0
0.0
0.0
0.0
0.0
0.0
0.1696952818300626
0.269592062960328
0.5872429333247561
0.3477879704567531
0.2529863742428483
0.16511849328302305
0.12950253493740901
0.2574067910825958
0.18060631359969964
0.23472343899131112
0.413163136579107
0.0
0.0
0.0
0.0
0.0
0.0
0.0
0.0
0.0
0.0
0.0
0.0
0.0
0.0
0.0
0.0
0.0
0.0
0.0
0.0
0.0
0.0
0.0
0.0
0.0
0.0024423029857468864
0.015056183991713754
0.015039428565725741
0.19780373392033057
0.2024683767610249
0.2322283156910069
0.5343132513595164
0.589375337711482
0.4124036415982676
0.23658967291990105
0.08115438682930003
0.0
0.0
0.0
0.0
0.0
0.0
0.0
0.0
0.0
0.0
0.0
0.0
0.0
0.0
0.0
0.0
0.0
0.0
0.0
0.0
0.0
0.0
0.0
0.0
0.0
0.0
0.007285738326713965
0.6487002849202564
0.2613514340559834
0.09305537521346076
0.08117344219926338
0.04184863474253288
0.033728947156684154
0.1348094180943606
0.37667111501953354
0.5767479497151139
0.0
0.0
0.0
0.0
0.0
0.0
0.0
0.0
0.0
0.0
0.0
0.0
0.0
0.0
0.0
0.0
0.0
0.0
0.0
0.0
0.0
0.0
0.0
0.0
0.0
0.025874947899026703
0.0546206789290223
0.3283094840287224
0.028747476895700876
0.03481422266899337
0.027483547406129114
0.021256652541753834
0.024965548853974343
0.027268260156571113
0.2729902119995856
0.8996798433492901
0.0
0.0
0.0
0.0
0.0
0.0
0.0
0.0
0.0
0.0
0.0
0.0
0.0
0.0
0.0
0.0
0.0
0.0
0.0
0.0
0.0
0.0
0.0
0.0
0.0
0.06541476221996884
0.06739315400397786
0.5658519885958635
0.06577085510603353
0.0461207070121671
0.07440007064486641
0.046020016014399076
0.14084359920662762
0.10103514927207902
0.2107023672089527
0.7631801575796081
0.0
0.0
0.0
0.0
0.0
0.0
0.0
0.0
0.0
0.0
0.0
0.0
0.0
0.0
0.0
0.0
0.0
0.0
0.0
0.0
0.0
0.0
0.0
0.0
0.0
0.01295738120772741
0.013184732303067472
0.0330458177131459
0.0168698142677766
0.019135691706257014
0.37961032662253114
0.7360088291274485
0.47767756329454064
0.15889514100828572
0.1861210468141563
0.15504166116636112
0.0
0.0
0.0
0.0
0.0
0.0
0.0
0.0
0.0
0.0
0.0
0.0
0.0
0.0
0.0
0.0
0.0
0.0
0.0
0.0
0.0
0.0
0.0
0.0
0.0
0.032695032806058184
0.0875767908692742
0.001479654505333416
0.03948839749333567
0.053775368960354654
0.5818204779358215
0.7975626123011417
0.108854056219272
0.015015731820725168
0.009278099855435516
0.005106596661630067
0.0
0.0
0.0
0.0
0.0
0.0
0.0
0.0
0.0
0.0
0.0
0.0
0.0
0.0
0.0
0.0
0.0
0.0
0.0
0.0
0.0
0.0
0.0
0.0
0.0
0.45827896546456753
0.5480083525777409
0.2062599831173302
0.15451890538986582
0.2730436282177952
0.22780213657510168
0.3082538661795678
0.1776632079127255
0.22799575292439148
0.271113145873061
0.21150003201785741
0.0
0.0
0.0
0.0
0.0
0.0
0.0
0.0
0.0
0.0
0.0
0.0
0.0
0.0
0.0
0.0
0.0
0.0
0.0
0.0
0.0
0.0
0.0
0.0
0.0
0.5781386536676467
0.5159560035631685
0.11090377594156117
0.20337262097518063
0.26054210847866943
0.20952925868506694
0.1736635973406529
0.23826032390170826
0.33194339817821855
0.1494432993057488
0.12105198147042087
0.0
0.0
0.0
0.0
0.0
0.0
0.0
0.0
0.0
0.0
0.0
0.0
0.0
0.0
0.0
0.0
0.0
0.0
0.0
0.0
0.0
0.0
0.0
0.0
0.0
0.4058026184185324
0.1380703421494062
0.23540533416910692
0.14720807256682883
0.23826214211664332
0.23342280378219435
0.14525823656785508
0.20327370665317518
0.574250576978317
0.323121496272058
0.3623927320013457
0.0
0.0
0.0
0.0
0.0
0.0
0.0
0.0
0.0
0.0
0.0
0.0
0.0
0.0
0.0
0.0
0.0
0.0
0.0
0.0
0.0
0.0
0.0
0.0
0.0
0.3898535373202359
0.21807617634573562
0.40382494716158
0.4031882522399068
0.1903913167895761
0.26005335699294213
0.1998336447388753
0.2469964749799144
0.31516360246555747
0.31665323934441525
0.26534304123968666
0.0
0.0
0.0
0.0
0.0
0.0
0.0
0.0
0.0
0.0
0.0
0.0
0.0
0.0
0.0
0.0
0.0
0.0
0.0
0.0
0.0
0.0
0.0
0.0
0.0
0.3452100340999863
0.20444672950120532
0.15897765271891043
0.15510803199189413
0.1318033050805797
0.19500031861777944
0.37102700331690935
0.6538655209799307
0.36599972629498034
0.158079209264209
0.1007766999015858
0.0
0.0
0.0
0.0
0.0
0.0
0.0
0.0
0.0
0.0
0.0
0.0
0.0
0.0
0.0
0.0
0.0
0.0
0.0
0.0
0.0
0.0
0.0
0.0
0.0
0.04134567086471243
0.543792474743304
0.04066689942374309
0.05042882865770234
0.09605085139701859
0.3576666514200688
0.7007106122192888
0.2204501939363214
0.09449177596136127
0.10291810609396598
0.04601884921465294
0.0
0.0
0.0
0.0
0.0
0.0
0.0
0.0
0.0
0.0
0.0
0.0
0.0
0.0
0.0
0.0
0.0
0.0
0.0
0.0
0.0
0.0
0.0
0.0
0.0
0.6076486459073065
0.24481235587798952
0.007016905211049696
0.054543804463719356
0.05091231696993887
0.10324499499337407
0.7053114266352463
0.2155810981000087
0.09264679711744796
0.04507026736149389
2.335655961080076e-05
0.0
0.0
0.0
0.0
0.0
0.0
0.0
0.0
0.0
0.0
0.0
0.0
0.0
0.0
0.0
0.0
0.0
0.0
0.0
0.0
0.0
0.0
0.0
0.0
0.0
0.4147893857083234
0.03631984107162982
0.6060243357736662
0.12153683332858253
0.1368929256742715
0.3592544511005845
0.2165849431954428
0.14901255801080637
0.1173722851786475
0.27508160538161563
0.37179373380446423
0.0
0.0
0.0
0.0
0.0
0.0
0.0
0.0
0.0
0.0
0.0
0.0
0.0
0.0
0.0
0.0
0.0
0.0
0.0
0.0
0.0
0.0
0.0
0.0
0.0
0.1752596087455489
0.020371006137748667
0.41930361655409587
0.20410471786854936
0.1650772087597627
0.2791802132542521
0.63458404794888
0.0799179838025559
0.06680049632290268
0.20598465433113675
0.436150174183146
0.0
0.0
0.0
0.0
0.0
0.0
0.0
0.0
0.0
0.0
0.0
0.0
0.0
0.0
0.0
0.0
0.0
0.0
0.0
0.0
0.0
0.0
0.0
0.0
0.0
0.03448682970264408
0.017605447588503985
0.5898374340838032
0.24154259580922358
0.09448699674401917
0.22416122212086903
0.47392174210929067
0.11835672009769094
0.10686693149359383
0.3500783070339967
0.4006097147601224
0.0
0.0
0.0
0.0
0.0
0.0
0.0
0.0
0.0
0.0
0.0
0.0
0.0
0.0
0.0
0.0
0.0
0.0
0.0
0.0
0.0
0.0
0.0
0.0
0.0
0.004641209733424379
0.12386265452022033
0.060924473765892585
0.16592552758311951
0.45451755864134047
0.3881123040687101
0.43780415372022213
0.25176981978124624
0.5241951701263153
0.23874224167578273
0.0966286944221261
0.0
0.0
0.0
0.0
0.0
0.0
0.0
0.0
0.0
0.0
0.0
0.0
0.0
0.0
0.0
0.0
0.0
0.0
0.0
0.0
0.0
0.0
0.0
0.0
0.0
0.2484317126424142
0.18611170097788193
0.5238562626421877
0.5919329236527755
0.23736165729998676
0.1699211915471024
0.16645422215798478
0.16210323822116396
0.2604256466447897
0.10616358637675553
0.24605627158719315
0.0
0.0
0.0
0.0
0.0
0.0
0.0
0.0
0.0
0.0
0.0
0.0
0.0
0.0
0.0
0.0
0.0
0.0
0.0
0.0
0.0
0.0
0.0
0.0
0.0
0.1231190784595143
0.22577274277436882
0.7287687825188145
0.2814538811316969
0.18839817405801573
0.19023280255834177
0.12680860453777087
0.2397381518512456
0.1267976864393184
0.15342526345452753
0.37241640137546334
0.0
0.0
0.0
0.0
0.0
0.0
0.0
0.0
0.0
0.0
0.0
0.0
0.0
0.0
0.0
0.0
0.0
0.0
0.0
0.0
0.0
0.0
0.0
0.0
0.0
0.2478273963103919
0.15497606912297449
0.17398009394158173
0.3318500085448654
0.4362622886884524
0.6717872576871077
0.17560175525493865
0.0458054341564768
0.14249167772000668
0.2558955336926282
0.11758859479314882
0.0
0.0
0.0
0.0
0.0
0.0
0.0
0.0
0.0
0.0
0.0
0.0
0.0
0.0
0.0
0.0
0.0
0.0
0.0
0.0
0.0
0.0
0.0
0.0
0.0
0.20245518409658694
0.20213598096541152
0.38576997985356964
0.32706643643527783
0.2056085569977522
0.4081968666139073
0.4461950391604198
0.23696492838316482
0.15534959722102462
0.20354870177676723
0.36421764125590345
0.0
0.0
0.0
0.0
0.0
0.0
0.0
0.0
0.0
0.0
0.0
0.0
0.0
0.0
0.0
0.0
0.0
0.0
0.0
0.0
0.0
0.0
0.0
0.0
0.0
0.18621933313235073
0.18168663197004212
0.3102243275178786
0.5010909911466163
0.37981101121412
0.44951671321164677
0.118119788064317
0.21040020886674074
0.20368697741455508
0.1715434551188536
0.3309429849035835
0.0
0.0
0.0
0.0
0.0
0.0
0.0
0.0
0.0
0.0
0.0
0.0
0.0
0.0
0.0
0.0
0.0
0.0
0.0
0.0
0.0
0.0
0.0
0.0
0.0
0.05615719088166984
0.06963750364543905
0.022997954369704695
0.033874838815620055
0.08003723860221751
0.14232098621568712
0.8442108051545667
0.49547759131133556
0.03611302781166456
0.0493681061760975
0.041570025154148156
0.0
0.0
0.0
0.0
0.0
0.0
0.0
0.0
0.0
0.0
0.0
0.0
0.0
0.0
0.0
0.0
0.0
0.0
0.0
0.0
0.0
0.0
0.0
0.0
0.0
0.00875018034638409
0.06801689797432175
0.007264311140073397
0.0033328913354875164
0.07479617684327733
0.341037003198657
0.9184076531558535
0.17100015134236743
0.02356297668902511
0.005556919017299463
0.005726218473267767
0.0
0.0
0.0
0.0
0.0
0.0
0.0
0.0
0.0
0.0
0.0
0.0
0.0
0.0
0.0
0.0
0.0
0.0
0.0
0.0
0.0
0.0
0.0
0.0
0.0
0.486876838426652
0.09764206760420742
0.022401117330871172
0.028682113775990392
0.1295158332601058
0.3584926379191779
0.7381656690403581
0.2475244860419453
0.0239605193063643
0.007116004981017915
0.0044163864814383115
0.0
0.0
0.0
0.0
0.0
0.0
0.0
0.0
0.0
0.0
0.0
0.0
0.0
0.0
0.0
0.0
0.0
0.0
0.0
0.0
0.0
0.0
0.0
0.0
0.0
0.40956561004136055
0.19936454155378697
0.02541460456773734
0.02812705044846893
0.0708546358491488
0.7586227016004657
0.4576151669871659
0.020499460796101
0.006387193859947832
0.024827215912175536
0.007410728732703194
0.0
0.0
0.0
0.0
0.0
0.0
0.0
0.0
0.0
0.0
0.0
0.0
0.0
0.0
0.0
0.0
0.0
0.0
0.0
0.0
0.0
0.0
0.0
0.0
0.0
0.593033381172661
0.2428513587179575
0.005506991443877676
0.006330202905708714
0.0039128736682736065
0.13241704508594748
0.7528947621441153
0.06755171426282197
0.016487523505637793
0.0049123282206941215
0.0022174730546973276
0.0
0.0
0.0
0.0
0.0
0.0
0.0
0.0
0.0
0.0
0.0
0.0
0.0
0.0
0.0
0.0
0.0
0.0
0.0
0.0
0.0
0.0
0.0
0.0
0.0
0.1457205778189844
0.396864548182081
0.2713485549596301
0.33611651317128216
0.36634828318340373
0.423812562118027
0.3136199890059282
0.1491028195070978
0.19390941640799159
0.20317840982896018
0.348367716944901
0.0
0.0
0.0
0.0
0.0
0.0
0.0
0.0
0.0
0.0
0.0
0.0
0.0
0.0
0.0
0.0
0.0
0.0
0.0
0.0
0.0
0.0
0.0
0.0
0.0
0.3294411541216377
0.3722530003692298
0.13250823899030625
0.4346833442816105
0.4428465219497574
0.42033127164566303
0.318844890716577
0.2399301011031192
0.03841949360668496
0.028570349351943754
0.10989052034725302
0.0
0.0
0.0
0.0
0.0
0.0
0.0
0.0
0.0
0.0
0.0
0.0
0.0
0.0
0.0
0.0
0.0
0.0
0.0
0.0
0.0
0.0
0.0
0.0
0.0
0.6105133624422975
0.2357830898687141
0.2966713965100849
0.32597133950879487
0.377177144928208
0.29101137271263583
0.18337101563302913
0.1815211905496006
0.19526871227208767
0.1647311429509587
0.13644496317384172
0.0
0.0
0.0
0.0
0.0
0.0
0.0
0.0
0.0
0.0
0.0
0.0
0.0
0.0
0.0
0.0
0.0
0.0
0.0
0.0
0.0
0.0
0.0
0.0
0.0
0.18246711364838378
0.3480381683418614
0.2691037083297382
0.3783889654883537
0.5455799141978012
0.4578480223872661
0.09299838556255483
0.008770393717338449
0.12765330820446757
0.2553476231857152
0.1802068841874767
0.0
0.0
0.0
0.0
0.0
0.0
0.0
0.0
0.0
0.0
0.0
0.0
0.0
0.0
0.0
0.0
0.0
0.0
0.0
0.0
0.0
0.0
0.0
0.0
0.0
0.4265251664156344
0.36161980847363373
0.2629622559706906
0.22893590343897224
0.382612366362921
0.3864497130011317
0.12977018092054407
0.3513168882193828
0.2371145575434749
0.1014623515207853
0.25145420862064916
0.0
0.0
0.0
0.0
0.0
0.0
0.0
0.0
0.0
0.0
0.0
0.0
0.0
0.0
0.0
0.0
0.0
0.0
0.0
0.0
0.0
0.0
0.0
0.0
0.0
0.3336938981210149
0.5390003017716294
0.41532519429657155
0.4040897034657643
0.24739632367951608
0.12854766261526346
0.09751133749748185
0.1743338970947859
0.1091165226033377
0.18070894985037741
0.31646674449379103
0.0
0.0
0.0
0.0
0.0
0.0
0.0
0.0
0.0
0.0
0.0
0.0
0.0
0.0
0.0
0.0
0.0
0.0
0.0
0.0
0.0
0.0
0.0
0.0
0.0
0.036920520898851304
0.054382084351156094
0.05215959276252172
0.18548716257120507
0.24587547179131652
0.4673376992424863
0.6914396933159499
0.4296643437582293
0.07110963258415523
0.08655039087950789
0.06668007860489905
0.0
0.0
0.0
0.0
0.0
0.0
0.0
0.0
0.0
0.0
0.0
0.0
0.0
0.0
0.0
0.0
0.0
0.0
0.0
0.0
0.0
0.0
0.0
0.0
0.0
0.012379692288755127
0.00567984608169973
0.08920060485292314
0.07570535476991118
0.28878099014110836
0.7770851184103298
0.5021202799108636
0.1734876346472769
0.09907312899353195
0.07217036666078123
0.04029777677355974
0.0
0.0
0.0
0.0
0.0
0.0
0.0
0.0
0.0
0.0
0.0
0.0
0.0
0.0
0.0
0.0
0.0
0.0
0.0
0.0
0.0
0.0
0.0
0.0
0.0
0.022300182123083042
0.02855287758339242
0.14001570507557992
0.21098042790180851
0.43227866369701545
0.6766569840269592
0.44175981333798137
0.273169350169247
0.0946923532675488
0.053904727442734286
0.09052729617682562
0.0
0.0
0.0
0.0
0.0
0.0
0.0
0.0
0.0
0.0
0.0
0.0
0.0
0.0
0.0
0.0
0.0
0.0
0.0
0.0
0.0
0.0
0.0
0.0
0.0
0.02491955064523666
0.027579160489536993
0.034447860142705726
0.06830920343608762
0.04516122049127119
0.2942603086285139
0.937743089493395
0.12785354867621393
0.06789239199527493
0.047612023247187114
0.03939574899895929
0.0
0.0
0.0
0.0
0.0
0.0
0.0
0.0
0.0
0.0
0.0
0.0
0.0
0.0
0.0
0.0
0.0
0.0
0.0
0.0
0.0
0.0
0.0
0.0
0.0
0.013250909637768609
0.015231719087840595
0.00910791054399904
0.014594266866507466
0.06200040175739634
0.3848444376850996
0.9111355613105762
0.12948076919505772
0.016743807271127852
0.006547076797200679
0.009522103743911653
0.0
0.0
0.0
0.0
0.0
0.0
0.0
0.0
0.0
0.0
0.0
0.0
0.0
0.0
0.0
0.0
0.0
0.0
0.0
0.0
0.0
0.0
0.0
0.0
0.0
0.15167796839028277
0.18788185501054377
0.18617630099848118
0.3251493191604232
0.266512194516037
0.4721920055388206
0.4496195705698886
0.4052942583050881
0.313875078970717
0.14049348453521857
0.15046358126821827
0.0
0.0
0.0
0.0
0.0
0.0
0.0
0.0
0.0
0.0
0.0
0.0
0.0
0.0
0.0
0.0
0.0
0.0
0.0
0.0
0.0
0.0
0.0
0.0
0.0
0.16798842351761814
0.5510734297855681
0.29665924347217953
0.3715196011314392
0.43284161976456426
0.2064572725060835
0.09327846591645252
0.13968960513645703
0.32364501537527585
0.20502290040972493
0.1925965393210347
0.0
0.0
0.0
0.0
0.0
0.0
0.0
0.0
0.0
0.0
0.0
0.0
0.0
0.0
0.0
0.0
0.0
0.0
0.0
0.0
0.0
0.0
0.0
0.0
0.0
0.2726172436904573
0.29954154375631925
0.36866860884169506
0.451578159091837
0.4403847779981279
0.3119904374928395
0.0615565940640345
0.20315073110045515
0.26373860702864843
0.20996197080635248
0.21479530598108643
0.0
0.0
0.0
0.0
0.0
0.0
0.0
0.0
0.0
0.0
0.0
0.0
0.0
0.0
0.0
0.0
0.0
0.0
0.0
0.0
0.0
0.0
0.0
0.0
0.0
0.28445577055285665
0.39997562803854303
0.2208759824368811
0.43393161135349223
0.44287340469691455
0.21979648619544598
0.13241801831243447
0.31516277530864933
0.23872747542909753
0.22265850484888186
0.23268970083143745
0.0
0.0
0.0
0.0
0.0
0.0
0.0
0.0
0.0
0.0
0.0
0.0
0.0
0.0
0.0
0.0
0.0
0.0
0.0
0.0
0.0
0.0
0.0
0.0
0.0
0.42800722719125883
0.3726246600438417
0.2511210540564543
0.25991708964480864
0.22113188484615146
0.32818580741404263
0.238731161958964
0.22848760338368718
0.42965197978738956
0.3014452621989824
0.07789442732349933
0.0
0.0
0.0
0.0
0.0
0.0
0.0
0.0
0.0
0.0
0.0
0.0
0.0
0.0
0.0
0.0
0.0
0.0
0.0
0.0
0.0
0.0
0.0
0.0
0.0
0.5051801720935791
0.49151389981005855
0.24960028171010148
0.2663472745194313
0.24708240211680713
0.2719161408084997
0.1453694162222178
0.08365666741267881
0.18141080212870395
0.19879121376828085
0.3666323454081607
0.0
0.0
0.0
0.0
0.0
0.0
0.0
0.0
0.0
0.0
0.0
0.0
0.0
0.0
0.0
0.0
0.0
0.0
0.0
0.0
0.0
0.0
0.0
0.0
0.0
0.030490451551755785
0.10842851802159184
0.05509951500748614
0.05756275289246064
0.31223015430312795
0.3680118849860851
0.7296207672198661
0.2865750694282048
0.3614692749552197
0.035882762019409195
0.04030386208474244
0.0
0.0
0.0
0.0
0.0
0.0
0.0
0.0
0.0
0.0
0.0
0.0
0.0
0.0
0.0
0.0
0.0
0.0
0.0
0.0
0.0
0.0
0.0
0.0
0.0
0.07806675137853114
0.06625595329303954
0.02602265013374149
0.06424517928883092
0.3488747495135288
0.6307675334421105
0.6024308800121277
0.3053493721059205
0.07286962661128331
0.056637911637782985
0.02123199832801793
0.0
0.0
0.0
0.0
0.0
0.0
0.0
0.0
0.0
0.0
0.0
0.0
0.0
0.0
0.0
0.0
0.0
0.0
0.0
0.0
0.0
0.0
0.0
0.0
0.0
0.06499512332061923
0.0979368630277082
0.048894516337156094
0.03256705271786419
0.07974916647116785
0.45805365597438524
0.8547308159892391
0.17622383161854746
0.049061700174393146
0.0479699281418482
0.015227139850328825
0.0
0.0
0.0
0.0
0.0
0.0
0.0
0.0
0.0
0.0
0.0
0.0
0.0
0.0
0.0
0.0
0.0
0.0
0.0
0.0
0.0
0.0
0.0
0.0
0.0
0.0366517432938288
0.07267944593869224
0.035557246133372473
0.06352176849340906
0.15641884852215596
0.3028749773767946
0.8986126631365906
0.24335953359434057
0.04275786895580678
0.057361870752410477
0.005263688621938323
0.0
0.0
0.0
0.0
0.0
0.0
0.0
0.0
0.0
0.0
0.0
0.0
0.0
0.0
0.0
0.0
0.0
0.0
0.0
0.0
0.0
0.0
0.0
0.0
0.0
0.012233888816275663
0.01960324899299175
0.042825032327659045
0.3155836745350261
0.07428977533868888
0.40939783442138855
0.6017927212026117
0.4581043466700144
0.2905263719089011
0.23797827776486125
0.10890428285782158
0.0
0.0
0.0
0.0
0.0
0.0
0.0
0.0
0.0
0.0
0.0
0.0
0.0
0.0
0.0
0.0
0.0
0.0
0.0
0.0
0.0
0.0
0.0
0.0
0.0
0.19347014956646816
0.33788772830928443
0.31605776073016667
0.27543776851893137
0.4411478606471828
0.4581966197966537
0.26061146505433685
0.18525874953449878
0.12505105874656186
0.20253036788274525
0.33044163976168023
0.0
0.0
0.0
0.0
0.0
0.0
0.0
0.0
0.0
0.0
0.0
0.0
0.0
0.0
0.0
0.0
0.0
0.0
0.0
0.0
0.0
0.0
0.0
0.0
0.0
0.29158042109243654
0.36515916535787296
0.4250045641015588
0.3497087207717762
0.21600042087665872
0.30642465261107804
0.19636992349845872
0.16732233740869096
0.32374004816255797
0.25980871668146055
0.3151130337741298
0.0
0.0
0.0
0.0
0.0
0.0
0.0
0.0
0.0
0.0
0.0
0.0
0.0
0.0
0.0
0.0
0.0
0.0
0.0
0.0
0.0
0.0
0.0
0.0
0.0
0.351566197229414
0.4306296015887462
0.4238631737450243
0.2314187443540312
0.30113232205899126
0.22184037704590798
0.10936356614069953
0.10146547111709807
0.10536565363023766
0.15424614253976746
0.5105893425716046
0.0
0.0
0.0
0.0
0.0
0.0
0.0
0.0
0.0
0.0
0.0
0.0
0.0
0.0
0.0
0.0
0.0
0.0
0.0
0.0
0.0
0.0
0.0
0.0
0.0
0.28715295630997056
0.5641389510157009
0.24296854654841357
0.16333215292351955
0.11254564696617736
0.17446580302922995
0.09354123697219406
0.20837367350100588
0.40833185650359405
0.36095589205348827
0.3482540249513354
0.0
0.0
0.0
0.0
0.0
0.0
0.0
0.0
0.0
0.0
0.0
0.0
0.0
0.0
0.0
0.0
0.0
0.0
0.0
0.0
0.0
0.0
0.0
0.0
0.0
0.32899911624943845
0.3405229924371221
0.21554817083616795
0.3885427509954726
0.39435260197137273
0.5168922157770367
0.1433938855775856
0.15512717404372214
0.1144378676897003
0.195544953007268
0.24438811685209436
0.0
0.0
0.0
0.0
0.0
0.0
0.0
0.0
0.0
0.0
0.0
0.0
0.0
0.0
0.0
0.0
0.0
0.0
0.0
0.0
0.0
0.0
0.0
0.0
0.0
0.36030539708813386
0.3844801770717796
0.6295027100182811
0.2419113855662163
0.20016983267385274
0.1673098266220442
0.08168808645464197
0.07501861363009185
0.1338801474563161
0.27474586959996133
0.30625115718858287
0.0
0.0
0.0
0.0
0.0
0.0
0.0
0.0
0.0
0.0
0.0
0.0
0.0
0.0
0.0
0.0
0.0
0.0
0.0
0.0
0.0
0.0
0.0
0.0
0.0
0.044816062092957194
0.04681957559008586
0.038299179897787826
0.05317027883675027
0.05566208662154183
0.662430668946843
0.6111676953071331
0.340522327700603
0.22975652446739128
0.05864742008507928
0.06232090557395094
0.0
0.0
0.0
0.0
0.0
0.0
0.0
0.0
0.0
0.0
0.0
0.0
0.0
0.0
0.0
0.0
0.0
0.0
0.0
0.0
0.0
0.0
0.0
0.0
0.0
0.012496611143149372
0.03085185479834915
0.30237183998815564
0.10168699949207954
0.19287503080252252
0.5287532351790838
0.6198597232181075
0.3915001992985848
0.12717777909872005
0.1512890842441159
0.06149149563740739
0.0
0.0
0.0
0.0
0.0
0.0
0.0
0.0
0.0
0.0
0.0
0.0
0.0
0.0
0.0
0.0
0.0
0.0
0.0
0.0
0.0
0.0
0.0
0.0
0.0
0.04909454129020966
0.03270028285651746
0.1998044905899325
0.05619978838468225
0.14033250001364372
0.6573979040728949
0.5483642153969603
0.35248203605398293
0.18723111909876283
0.07097539684531486
0.1911414518562035
0.0
0.0
0.0
0.0
0.0
0.0
0.0
0.0
0.0
0.0
0.0
0.0
0.0
0.0
0.0
0.0
0.0
0.0
0.0
0.0
0.0
0.0
0.0
0.0
0.0
0.03394742673612102
0.06064588281078781
0.2891398213244062
0.2588217940921407
0.5524822175853583
0.3681677823653538
0.3561773293947486
0.41710456826685854
0.2307625816815929
0.08773464102984077
0.20495786844814645
0.0
0.0
0.0
0.0
0.0
0.0
0.0
0.0
0.0
0.0
0.0
0.0
0.0
0.0
0.0
0.0
0.0
0.0
0.0
0.0
0.0
0.0
0.0
0.0
0.0
0.04520189993361323
0.3330991455621392
0.42510909850942075
0.4575792741891632
0.2361606069955398
0.17414656523305763
0.002330846731605485
0.027706070000202747
0.0555459585649489
0.4298967981010882
0.47131378241507876
0.0
0.0
0.0
0.0
0.0
0.0
0.0
0.0
0.0
0.0
0.0
0.0
0.0
0.0
0.0
0.0
0.0
0.0
0.0
0.0
0.0
0.0
0.0
0.0
0.0
0.1828039009971296
0.15930979973686557
0.7081265557245123
0.29950216647750594
0.06324726152089127
0.02602639155002646
0.03330056564057414
0.029773373623670232
0.04807909797445311
0.13159447759807902
0.5689962021391517
0.0
0.0
0.0
0.0
0.0
0.0
0.0
0.0
0.0
0.0
0.0
0.0
0.0
0.0
0.0
0.0
0.0
0.0
0.0
0.0
0.0
0.0
0.0
0.0
0.0
0.2222203679222068
0.1828507436379867
0.667038337869076
0.3692422296772397
0.20851500985151053
0.09147353443259759
0.023652592796512023
0.0686855998947078
0.14104009526213035
0.32376179946684464
0.3925132614166998
0.0
0.0
0.0
0.0
0.0
0.0
0.0
0.0
0.0
0.0
0.0
0.0
0.0
0.0
0.0
0.0
0.0
0.0
0.0
0.0
0.0
0.0
0.0
0.0
0.0
0.19956211537454513
0.10895594857314181
0.49263206152351835
0.2816302143664586
0.161156735980589
0.05240358875558204
0.036770663343822105
0.06416424525576175
0.10768914841924235
0.34135388933078475
0.6811721115297306
0.0
0.0
0.0
0.0
0.0
0.0
0.0
0.0
0.0
0.0
0.0
0.0
0.0
0.0
0.0
0.0
0.0
0.0
0.0
0.0
0.0
0.0
0.0
0.0
0.0
0.07827145196794004
0.05261687137691351
0.6612830869580295
0.18948293045939257
0.2060219716378242
0.06345628972694366
0.030627329616701875
0.0326610163000712
0.009984546460119568
0.23554327949324638
0.6433110337387492
0.0
0.0
0.0
0.0
0.0
0.0
0.0
0.0
0.0
0.0
0.0
0.0
0.0
0.0
0.0
0.0
0.0
0.0
0.0
0.0
0.0
0.0
0.0
0.0
0.0
0.13264336851243314
0.2391002396503717
0.2837312995474613
0.47375475458967586
0.35811232088445777
0.3087984975851302
0.13195689098423052
0.1886469134483811
0.3655764191455839
0.2742952224319196
0.36715743428861564
0.0
0.0
0.0
0.0
0.0
0.0
0.0
0.0
0.0
0.0
0.0
0.0
0.0
0.0
0.0
0.0
0.0
0.0
0.0
0.0
0.0
0.0
0.0
0.0
0.0
0.08641660273565714
0.033209007318016154
0.5283912889835978
0.3876770943302696
0.3572425079464492
0.20376127179225337
0.39494502608775595
0.14295207172722016
0.2925277491535666
0.2878059848760929
0.21903412085401922
0.0
0.0
0.0
0.0
0.0
0.0
0.0
0.0
0.0
0.0
0.0
0.0
0.0
0.0
0.0
0.0
0.0
0.0
0.0
0.0
0.0
0.0
0.0
0.0
0.0
0.026183355783194952
0.036350029728827844
0.17368889659845035
0.14532291309718953
0.16328339219017832
0.5635697209280547
0.3967550672771221
0.19879353682803658
0.48989371929241854
0.3439252068875413
0.21730248734074759
0.0
0.0
0.0
0.0
0.0
0.0
0.0
0.0
0.0
0.0
0.0
0.0
0.0
0.0
0.0
0.0
0.0
0.0
0.0
0.0
0.0
0.0
0.0
0.0
0.0
0.3091276340167052
0.10395895849453368
0.52502740509627
0.373418657978124
0.27429625022145365
0.21391492868892956
0.15229370608073903
0.15065782096794436
0.08472956484212538
0.37211143238107786
0.40743364098767154
0.0
0.0
0.0
0.0
0.0
0.0
0.0
0.0
0.0
0.0
0.0
0.0
0.0
0.0
0.0
0.0
0.0
0.0
0.0
0.0
0.0
0.0
0.0
0.0
0.0
0.27783132142492467
0.07814669942910757
0.5513805126280978
0.5549861090173897
0.22711235067678945
0.1333370185960826
0.1192980185862129
0.11486562867389619
0.26456157709290395
0.21985224684471402
0.2992658525984927
0.0
0.0
0.0
0.0
0.0
0.0
0.0
0.0
0.0
0.0
0.0
0.0
0.0
0.0
0.0
0.0
0.0
0.0
0.0
0.0
0.0
0.0
0.0
0.0
0.0
0.43804709921270485
0.39211525965455174
0.6031948817872375
0.4447791971227425
0.17681697411576486
0.14461895438947162
0.13973761471069848
0.09198312534865635
0.013058217932371032
0.0846983766863404
0.07195171799849966
0.0
0.0
0.0
0.0
0.0
0.0
0.0
0.0
0.0
0.0
0.0
0.0
0.0
0.0
0.0
0.0
0.0
0.0
0.0
0.0
0.0
0.0
0.0
0.0
0.0
0.5168978116439897
0.5563788832357399
0.4893080839245087
0.28042225663078585
0.08408653597153205
0.04292775948237897
0.034445667537834
0.026503265954712987
0.010807399855737828
0.08591321551401897
0.29478806272196123
0.0
0.0
0.0
0.0
0.0
0.0
0.0
0.0
0.0
0.0
0.0
0.0
0.0
0.0
0.0
0.0
0.0
0.0
0.0
0.0
0.0
0.0
0.0
0.0
0.0
0.6314799577695656
0.26708448357172937
0.6455821556701817
0.1402087012928968
0.09038132981744916
0.02696500811760235
0.01123538267887769
0.005459797256907228
0.04023514976923651
0.08019813973206144
0.276336015363098
0.0
0.0
0.0
0.0
0.0
0.0
0.0
0.0
0.0
0.0
0.0
0.0
0.0
0.0
0.0
0.0
0.0
0.0
0.0
0.0
0.0
0.0
0.0
0.0
0.0
0.5299031548797966
0.2933303999375576
0.6646335159744952
0.14114749307505575
0.0350806645069053
0.01667669382347902
0.020445971550668546
0.06327088712437663
0.018248037982017094
0.0649264341722968
0.40127441579187584
0.0
0.0
0.0
0.0
0.0
0.0
0.0
0.0
0.0
0.0
0.0
0.0
0.0
0.0
0.0
0.0
0.0
0.0
0.0
0.0
0.0
0.0
0.0
0.0
0.0
0.5954878035383758
0.34043126881443947
0.3903574268607541
0.310298831689625
0.15314814228685542
0.13499261042404245
0.027925928425149925
0.07867242003496695
0.042003819307727036
0.26010200164367636
0.40345086912048694
0.0
0.0
0.0
0.0
0.0
0.0
0.0
0.0
0.0
0.0
0.0
0.0
0.0
0.0
0.0
0.0
0.0
0.0
0.0
0.0
0.0
0.0
0.0
0.0
0.0
0.7489753736809128
0.21461012907469876
0.42700174378096356
0.2784801442365105
0.16262544171992827
0.0983849268662294
0.10719096839877679
0.0804786205983336
0.12921830684221225
0.16347348640492096
0.18863300454269855
0.0
0.0
0.0
0.0
0.0
0.0
0.0
0.0
0.0
0.0
0.0
0.0
0.0
0.0
0.0
0.0
0.0
0.0
0.0
0.0
0.0
0.0
0.0
0.0
0.0
0.22981890900619764
0.38373560128880185
0.3389790773919534
0.07043495863341713
0.22049489818505916
0.3459238363705917
0.17031236743798675
0.3513381461850213
0.3455045115166543
0.20451184528404073
0.445126724155762
0.0
0.0
0.0
0.0
0.0
0.0
0.0
0.0
0.0
0.0
0.0
0.0
0.0
0.0
0.0
0.0
0.0
0.0
0.0
0.0
0.0
0.0
0.0
0.0
0.0
0.6410305982181989
0.4703197892835438
0.10672339920665137
0.04619031576651206
0.051656130737261385
0.04607810468347625
0.021161789898370607
0.023753665940611002
0.12140733248520842
0.3657385549222072
0.4472668132540387
0.0
0.0
0.0
0.0
0.0
0.0
0.0
0.0
0.0
0.0
0.0
0.0
0.0
0.0
0.0
0.0
0.0
0.0
0.0
0.0
0.0
0.0
0.0
0.0
0.0
0.3218294244458233
0.2692698865430882
0.7710109084254614
0.3941157028886531
0.03192092790663069
0.0567457424740744
0.020914345286534432
0.027735290110197937
0.02827025002172903
0.04462330381695389
0.25670686438820334
0.0
0.0
0.0
0.0
0.0
0.0
0.0
0.0
0.0
0.0
0.0
0.0
0.0
0.0
0.0
0.0
0.0
0.0
0.0
0.0
0.0
0.0
0.0
0.0
0.0
0.6753411004691645
0.4803272457147713
0.399450245049779
0.02829714741840509
0.010316896965131312
0.0071203282070660704
0.013604273458483716
0.02341297654983824
0.053402504882960375
0.1319436043476637
0.36288784052205836
0.0
0.0
0.0
0.0
0.0
0.0
0.0
0.0
0.0
0.0
0.0
0.0
0.0
0.0
0.0
0.0
0.0
0.0
0.0
0.0
0.0
0.0
0.0
0.0
0.0
0.6864752751106621
0.6909642853614589
0.09982521033353121
0.19032678539810677
0.05359100293936293
0.03208591315596498
0.00828635120047506
0.005015263974722429
0.008087156471240236
0.014950491240009372
0.029093950615167667
0.0
0.0
0.0
0.0
0.0
0.0
0.0
0.0
0.0
0.0
0.0
0.0
0.0
0.0
0.0
0.0
0.0
0.0
0.0
0.0
0.0
0.0
0.0
0.0
0.0
0.8007376551034805
0.5904417661628922
0.025402559859668872
0.04617705487549787
0.047968250992902056
0.04799356712817801
0.019347824197447724
0.024605573284819212
0.030291260737942978
0.01960782516770399
0.023108063823457065
0.0
0.0
0.0
0.0
0.0
0.0
0.0
0.0
0.0
0.0
0.0
0.0
0.0
0.0
0.0
0.0
0.0
0.0
0.0
0.0
0.0
0.0
0.0
0.0
0.0
0.8134653238104461
0.46619663416190776
0.152427744641917
0.1623246966651619
0.16954953014834603
0.05981662811492553
0.04476999075236947
0.055841957039273346
0.022420966500962005
0.09611627614524892
0.15544308952359778
0.0
0.0
0.0
0.0
0.0
0.0
0.0
0.0
0.0
0.0
0.0
0.0
0.0
0.0
0.0
0.0
0.0
0.0
0.0
0.0
0.0
0.0
0.0
0.0
0.0
0.8768749817818267
0.19044129598692544
0.22491115726177816
0.12486465674905231
0.05009812321843974
0.12914699532154617
0.06681005486453039
0.053172635442850696
0.0926987855686454
0.16673763403600364
0.25646049120808306
0.0
0.0
0.0
0.0
0.0
0.0
0.0
0.0
0.0
0.0
0.0
0.0
0.0
0.0
0.0
0.0
0.0
0.0
0.0
0.0
0.0
0.0
0.0
0.0
0.0
0.84117367964353
0.1786391346038596
0.12752283993417554
0.09843731731006097
0.14543589957260816
0.12050709276842826
0.05515110525239084
0.12702440874781962
0.2252942854380121
0.3047245657825624
0.18999457612307702
0.0
0.0
0.0
0.0
0.0
0.0
0.0
0.0
0.0
0.0
0.0
0.0
0.0
0.0
0.0
0.0
0.0
0.0
0.0
0.0
0.0
0.0
0.0
0.0
0.0
0.49380660955556827
0.3925315710218729
0.2492987418244408
0.10852917388751857
0.18554827463235918
0.17643167838505794
0.09420779029237554
0.1514711304346698
0.23112967911698185
0.30419906142793224
0.5336784105098141
0.0
0.0
0.0
0.0
0.0
0.0
0.0
0.0
0.0
0.0
0.0
0.0
0.0
0.0
0.0
0.0
0.0
0.0
0.0
0.0
0.0
0.0
0.0
0.0
0.0
0.636072772077505
0.4148311801834791
0.29357592769985386
0.141478346175208
0.16123201090824238
0.2025365100849367
0.2182932428799271
0.25631113380255804
0.2864281293258956
0.13229704414908944
0.1929141135093845
0.0
0.0
0.0
0.0
0.0
0.0
0.0
0.0
0.0
0.0
0.0
0.0
0.0
0.0
0.0
0.0
0.0
0.0
0.0
0.0
0.0
0.0
0.0
0.0
0.0
0.4204773908286337
0.08736913162064382
0.2738558697814163
0.5209601893781632
0.36440347419047425
0.317114882605782
0.06518861682784623
0.26124996771403847
0.2567707787851281
0.2019663031331059
0.23789573284377377
0.0
0.0
0.0
0.0
0.0
0.0
0.0
0.0
0.0
0.0
0.0
0.0
0.0
0.0
0.0
0.0
0.0
0.0
0.0
0.0
0.0
0.0
0.0
0.0
0.0
0.5426340119932632
0.23485417955143253
0.3809936200780386
0.18685367910915837
0.04383305515439972
0.0406043257818467
0.010015849303324654
0.1377396276770675
0.14086145347238593
0.25884162913335496
0.6006978434500225
0.0
0.0
0.0
0.0
0.0
0.0
0.0
0.0
0.0
0.0
0.0
0.0
0.0
0.0
0.0
0.0
0.0
0.0
0.0
0.0
0.0
0.0
0.0
0.0
0.0
0.8829389573446368
0.45132968156350994
0.06341555212433587
0.048883877921320304
0.05491685303955883
0.028232292143008757
0.0207082036049179
0.030620404712714554
0.02026372591849545
0.05143403106788051
0.04553800920509979
0.0
0.0
0.0
0.0
0.0
0.0
0.0
0.0
0.0
0.0
0.0
0.0
0.0
0.0
0.0
0.0
0.0
0.0
0.0
0.0
0.0
0.0
0.0
0.0
0.0
0.9941294251312602
0.070424357587784
0.042694257153060355
0.032954786503328753
0.01997035088902921
0.00963475178873286
0.018236171456483607
0.02406096615254222
0.017301165114483607
0.025749531745654752
0.03837679378897641
0.0
0.0
0.0
0.0
0.0
0.0
0.0
0.0
0.0
0.0
0.0
0.0
0.0
0.0
0.0
0.0
0.0
0.0
0.0
0.0
0.0
0.0
0.0
0.0
0.0
0.4501476791414864
0.85825174261255
0.04548017773666258
0.07467203430851137
0.1420673318085857
0.11290029970107363
0.029029900924306254
0.06568581694275098
0.04236432149492457
0.10260317445460346
0.052130036567444776
0.0
0.0
0.0
0.0
0.0
0.0
0.0
0.0
0.0
0.0
0.0
0.0
0.0
0.0
0.0
0.0
0.0
0.0
0.0
0.0
0.0
0.0
0.0
0.0
0.0
0.2605955189916002
0.4737134228700064
0.42660938544255483
0.20984857306404076
0.3381343872498622
0.07888884258259221
0.1049609806409612
0.2565194010440735
0.3288675736457765
0.304588451059245
0.2887009658821374
0.0
0.0
0.0
0.0
0.0
0.0
0.0
0.0
0.0
0.0
0.0
0.0
0.0
0.0
0.0
0.0
0.0
0.0
0.0
0.0
0.0
0.0
0.0
0.0
0.0
0.4468007731621559
0.47581101553189414
0.22629262003015635
0.18005965815795938
0.22071963548409967
0.2441951906241208
0.172528019793295
0.22911524545035875
0.42848852257498177
0.1875564347111507
0.28452613960816714
0.0
0.0
0.0
0.0
0.0
0.0
0.0
0.0
0.0
0.0
0.0
0.0
0.0
0.0
0.0
0.0
0.0
0.0
0.0
0.0
0.0
0.0
0.0
0.0
0.0
0.48175249718735497
0.2674560965834332
0.24198921878917268
0.43545021142798407
0.3929016162391601
0.14711681368023305
0.12096286794818562
0.25618537059771557
0.19375254451711107
0.32039594858767456
0.22745217165741072
0.0
0.0
0.0
0.0
0.0
0.0
0.0
0.0
0.0
0.0
0.0
0.0
0.0
0.0
0.0
0.0
0.0
0.0
0.0
0.0
0.0
0.0
0.0
0.0
0.0
0.2366849075085197
0.18270160353192275
0.5170060453342454
0.3983874416911301
0.26804224378070335
0.24680256354082544
0.1164385018977724
0.23224173933006179
0.397067008625594
0.22078287544355268
0.27916480178314085
0.0
0.0
0.0
0.0
0.0
0.0
0.0
0.0
0.0
0.0
0.0
0.0
0.0
0.0
0.0
0.0
0.0
0.0
0.0
0.0
0.0
0.0
0.0
0.0
0.0
0.37375530172120164
0.16270982290174357
0.34877112274704675
0.27532110398013987
0.2868843733291813
0.17130535376373893
0.10777957399874749
0.1478743137757768
0.3594572455241598
0.4610702841014297
0.38660412081573015
0.0
0.0
0.0
0.0
0.0
0.0
0.0
0.0
0.0
0.0
0.0
0.0
0.0
0.0
0.0
0.0
0.0
0.0
0.0
0.0
0.0
0.0
0.0
0.0
0.0
0.3627550376829625
0.1748167269715021
0.2775026718232454
0.2446860090976772
0.29212970279527284
0.2876014820983376
0.13021381190673784
0.3241052292528089
0.09891235368096468
0.36837675593809377
0.5151986204004427
0.0
0.0
0.0
0.0
0.0
0.0
0.0
0.0
0.0
0.0
0.0
0.0
0.0
0.0
0.0
0.0
0.0
0.0
0.0
0.0
0.0
0.0
0.0
0.0
0.0
0.3004380530047828
0.5715278811248595
0.3484158402755946
0.40273561545838343
0.33559717331025585
0.18235268425242673
0.11206062170922888
0.15679549786958974
0.11813276408758124
0.0684839317514113
0.31278988083535797
0.0
0.0
0.0
0.0
0.0
0.0
0.0
0.0
0.0
0.0
0.0
0.0
0.0
0.0
0.0
0.0
0.0
0.0
0.0
0.0
0.0
0.0
0.0
0.0
0.0
0.4431488070169989
0.21733693327200596
0.5169865063158524
0.38162306467539053
0.3348927020298183
0.1272892422612173
0.05853831840956115
0.05704156565247437
0.17815605151178723
0.24792024706577348
0.3394589893822599
0.0
0.0
0.0
0.0
0.0
0.0
0.0
0.0
0.0
0.0
0.0
0.0
0.0
0.0
0.0
0.0
0.0
0.0
0.0
0.0
0.0
0.0
0.0
0.0
0.0
0.31571065683280924
0.24336555766030113
0.10013048969510534
0.24873873147827497
0.13215621730069724
0.11586493650983742
0.2110570053303606
0.5792367630290377
0.3196096114261236
0.44100891659137403
0.24822068879687176
0.0
0.0
0.0
0.0
0.0
0.0
0.0
0.0
0.0
0.0
0.0
0.0
0.0
0.0
0.0
0.0
0.0
0.0
0.0
0.0
0.0
0.0
0.0
0.0
0.0
0.2906985947204807
0.224384045177009
0.28246151533342484
0.42344790833340307
0.18737053927114106
0.24056047346084458
0.3130331435431817
0.2578285125718424
0.44294850382138595
0.2494684919712637
0.30028858091364624
0.0
0.0
0.0
0.0
0.0
0.0
0.0
0.0
0.0
0.0
0.0
0.0
0.0
0.0
0.0
0.0
0.0
0.0
0.0
0.0
0.0
0.0
0.0
0.0
0.0
0.1601158205195923
0.2628875839580615
0.6366551853998993
0.23896012744087808
0.19468055452284497
0.270097772412593
0.12249053888646458
0.2030352546549076
0.22770784661766524
0.2841560225663383
0.37834533738882986
0.0
0.0
0.0
0.0
0.0
0.0
0.0
0.0
0.0
0.0
0.0
0.0
0.0
0.0
0.0
0.0
0.0
0.0
0.0
0.0
0.0
0.0
0.0
0.0
0.0
0.3385153232468429
0.16651522438956745
0.3081355965645237
0.41946200129106764
0.4420621357137331
0.3990086180831918
0.11899750146248238
0.35498575926909975
0.22514025491078637
0.1444538097257193
0.14292305019173232
0.0
0.0
0.0
0.0
0.0
0.0
0.0
0.0
0.0
0.0
0.0
0.0
0.0
0.0
0.0
0.0
0.0
0.0
0.0
0.0
0.0
0.0
0.0
0.0
0.0
0.23895413409363783
0.19013434770695511
0.28486817946719956
0.3447801853115667
0.2387567571106609
0.29679722742519615
0.2751206155027782
0.3935177225570364
0.43778772970026336
0.22061033644741931
0.30126175433870456
0.0
0.0
0.0
0.0
0.0
0.0
0.0
0.0
0.0
0.0
0.0
0.0
0.0
0.0
0.0
0.0
0.0
0.0
0.0
0.0
0.0
0.0
0.0
0.0
0.0
0.2852858335216952
0.513360789980736
0.133783967981986
0.1218309899229802
0.12214404054448968
0.26763963469153357
0.1241899245613126
0.35598433540842134
0.42753209451759
0.3420528764668679
0.30634909017106715
0.0
0.0
0.0
0.0
0.0
0.0
0.0
0.0
0.0
0.0
0.0
0.0
0.0
0.0
0.0
0.0
0.0
0.0
0.0
0.0
0.0
0.0
0.0
0.0
0.0
0.46235017317330546
0.3562714678449882
0.2837195628940964
0.29938254388109425
0.36825190074872827
0.21810727209225442
0.062044674106742706
0.1252580411175436
0.34165601725200523
0.2333540169878403
0.3395202000671001
0.0
0.0
0.0
0.0
0.0
0.0
0.0
0.0
0.0
0.0
0.0
0.0
0.0
0.0
0.0
0.0
0.0
0.0
0.0
0.0
0.0
0.0
0.0
0.0
0.0
0.18310805442156244
0.14454611750515686
0.49657688984562903
0.5692260289521008
0.25222013972562507
0.0759831100017396
0.08401665851788263
0.1390069395700459
0.17176240599614942
0.15430789663512723
0.47527630872090104
0.0
0.0
0.0
0.0
0.0
0.0
0.0
0.0
0.0
0.0
0.0
0.0
0.0
0.0
0.0
0.0
0.0
0.0
0.0
0.0
0.0
0.0
0.0
0.0
0.0
0.1755662351194538
0.1548042803387709
0.638381787098567
0.46764459621499677
0.4093932278493671
0.1527305729383159
0.06470495987262334
0.06890647806030661
0.08105796357431648
0.0747108556947085
0.3270672324145212
0.0
0.0
0.0
0.0
0.0
0.0
0.0
0.0
0.0
0.0
0.0
0.0
0.0
0.0
0.0
0.0
0.0
0.0
0.0
0.0
0.0
0.0
0.0
0.0
0.0
0.3142352408222277
0.36322608929361555
0.3963152717533775
0.21464956421012663
0.2892698291492554
0.13347062831643505
0.0512535470565129
0.0890568941288056
0.35400330807917596
0.47028478576431537
0.32809628225866483
0.0
0.0
0.0
0.0
0.0
0.0
0.0
0.0
0.0
0.0
0.0
0.0
0.0
0.0
0.0
0.0
0.0
0.0
0.0
0.0
0.0
0.0
0.0
0.0
0.0
0.5064576852374587
0.3738510224300545
0.1845727171475432
0.16281970532710388
0.16565360209494037
0.450080236797923
0.14940557121623801
0.358318527021417
0.22772639318785706
0.16759249902830156
0.2872013211819069
0.0
0.0
0.0
0.0
0.0
0.0
0.0
0.0
0.0
0.0
0.0
0.0
0.0
0.0
0.0
0.0
0.0
0.0
0.0
0.0
0.0
0.0
0.0
0.0
0.0
0.12682044444718463
0.3150404694250263
0.281014672809126
0.11916779955087199
0.0654754763426138
0.21588586456920936
0.36933702076504543
0.35005833766913175
0.3847798118099166
0.3997696369042466
0.4168695015726985
0.0
0.0
0.0
0.0
0.0
0.0
0.0
0.0
0.0
0.0
0.0
0.0
0.0
0.0
0.0
0.0
0.0
0.0
0.0
0.0
0.0
0.0
0.0
0.0
0.0
0.2537126723493881
0.38034951521522653
0.51349390753533
0.4595484483277322
0.30152455204426376
0.19515470000904564
0.09360940018365754
0.07664168665017825
0.15822561613862754
0.28059499518871045
0.262098034034409
0.0
0.0
0.0
0.0
0.0
0.0
0.0
0.0
0.0
0.0
0.0
0.0
0.0
0.0
0.0
0.0
0.0
0.0
0.0
0.0
0.0
0.0
0.0
0.0
0.0
0.25784466435170195
0.09677859423187048
0.6722051044989601
0.41454633570549515
0.1788831920758772
0.016160996875152298
0.025336169049273403
0.057574825474854034
0.11425655987448034
0.07875350370176805
0.4949422529599671
0.0
0.0
0.0
0.0
0.0
0.0
0.0
0.0
0.0
0.0
0.0
0.0
0.0
0.0
0.0
0.0
0.0
0.0
0.0
0.0
0.0
0.0
0.0
0.0
0.0
0.2949832811202947
0.4015578817431903
0.4435010030456649
0.25131603403575564
0.338698341014121
0.3397356307890412
0.20396549761513638
0.16050345371043068
0.23892676639513583
0.1415337319834663
0.34244021070916864
0.0
0.0
0.0
0.0
0.0
0.0
0.0
0.0
0.0
0.0
0.0
0.0
0.0
0.0
0.0
0.0
0.0
0.0
0.0
0.0
0.0
0.0
0.0
0.0
0.0
0.3424727428132603
0.41449984323332323
0.11349658724702644
0.25498948117255504
0.21676593119177237
0.17982503514837625
0.22462225771179964
0.5997836435614787
0.1630599248302006
0.1850591161890769
0.28748162386289866
0.0
0.0
0.0
0.0
0.0
0.0
0.0
0.0
0.0
0.0
0.0
0.0
0.0
0.0
0.0
0.0
0.0
0.0
0.0
0.0
0.0
0.0
0.0
0.0
0.0
0.24255179142877473
0.22088091198893728
0.3718177994946539
0.048487349976392397
0.1362881174299994
0.26187952760008293
0.27087310666250447
0.3972040116683726
0.36889345801199513
0.38913056858494904
0.382069580791841
0.0
0.0
0.0
0.0
0.0
0.0
0.0
0.0
0.0
0.0
0.0
0.0
0.0
0.0
0.0
0.0
0.0
0.0
0.0
0.0
0.0
0.0
0.0
0.0
0.0
0.3222917351119301
0.34008412583688336
0.5193791187618992
0.427332386143895
0.3605821949202182
0.20094045691458975
0.04695206401731659
0.10801369954367708
0.039508618160611145
0.24214352872490352
0.2892070643043645
0.0
0.0
0.0
0.0
0.0
0.0
0.0
0.0
0.0
0.0
0.0
0.0
0.0
0.0
0.0
0.0
0.0
0.0
0.0
0.0
0.0
0.0
0.0
0.0
0.0
0.5421713066256586
0.6214909034092094
0.09407952257355495
0.1988157229779055
0.28902497140140265
0.1359904421883802
0.0970699402702061
0.16664136486607045
0.15796360250445188
0.17186399449900971
0.2787654899920977
0.0
0.0
0.0
0.0
0.0
0.0
0.0
0.0
0.0
0.0
0.0
0.0
0.0
0.0
0.0
0.0
0.0
0.0
0.0
0.0
0.0
0.0
0.0
0.0
0.0
0.6867691145989775
0.5030905827518253
0.17578031633077956
0.15917822839537454
0.10629354893884412
0.17493255376634878
0.1995471082706055
0.17279840628785947
0.2572869771967775
0.19942142119317582
0.038315458514151066
0.0
0.0
0.0
0.0
0.0
0.0
0.0
0.0
0.0
0.0
0.0
0.0
0.0
0.0
0.0
0.0
0.0
0.0
0.0
0.0
0.0
0.0
0.0
0.0
0.0
