0.3024573424236173
0.1964247610925799
0.6217576491823279
0.22139932790057373
0.06326992781208962
0.2757021742885197
0.20946410263025042
0.07269369193231201
0.22698287325737104
0.21873616336425514
0.45364693629132874
0.0
0.0
0.0
0.0
0.0
0.0
0.0
0.0
0.0
0.0
0.0
0.0
0.0
0.0
0.0
0.0
0.0
0.0
0.0
0.0
0.0
0.0
0.0
0.0
0.0
0.41129768103354253
0.36653704280784233
0.04397978173915766
0.03843576987389241
0.037788657283835146
0.07205252734997894
0.2331777827270579
0.2822773018103805
0.46054827551740846
0.5639073245807462
0.1493492438177227
0.0
0.0
0.0
0.0
0.0
0.0
0.0
0.0
0.0
0.0
0.0
0.0
0.0
0.0
0.0
0.0
0.0
0.0
0.0
0.0
0.0
0.0
0.0
0.0
0.0
0.2970131893899801
0.1270912371405226
0.46606511094482095
0.10031900641861403
0.1172986978537277
0.0277593377139987
0.02338771957761866
0.03531822209029225
0.2217320868052989
0.3428755818982644
0.6966331039459658
0.0
0.0
0.0
0.0
0.0
0.0
0.0
0.0
0.0
0.0
0.0
0.0
0.0
0.0
0.0
0.0
0.0
0.0
0.0
0.0
0.0
0.0
0.0
0.0
0.0
0.6643299550309535
0.23963729019847013
0.5382108035440676
0.14526862057043677
0.1081976968325586
0.048968394608757675
0.06404394274623011
0.28096937978792924
0.24955028375428515
0.11584685855334514
0.13274010626434202
0.0
0.0
0.0
0.0
0.0
0.0
0.0
0.0
0.0
0.0
0.0
0.0
0.0
0.0
0.0
0.0
0.0
0.0
0.0
0.0
0.0
0.0
0.0
0.0
0.0
0.7325399711742909
0.34563402880163874
0.3454207716525429
0.158350046264941
0.11003744806786282
0.1210549854782521
0.21847429488042186
0.09895681767453371
0.27067409160416
0.11856310623696084
0.167105862628095
0.0
0.0
0.0
0.0
0.0
0.0
0.0
0.0
0.0
0.0
0.0
0.0
0.0
0.0
0.0
0.0
0.0
0.0
0.0
0.0
0.0
0.0
0.0
0.0
0.0
0.286722417025483
0.4968857370433667
0.35217975277751784
0.13876716636587327
0.2109765301689603
0.2983164533645712
0.5227048485228807
0.30417939808598127
0.09287129829509945
0.09899742442786642
0.0996648361283522
0.0
0.0
0.0
0.0
0.0
0.0
0.0
0.0
0.0
0.0
0.0
0.0
0.0
0.0
0.0
0.0
0.0
0.0
0.0
0.0
0.0
0.0
0.0
0.0
0.0
0.4090625322272278
0.3012839729623696
0.14932317135146175
0.1193741670986289
0.06280200452062332
0.32200128582799753
0.6737844121204621
0.20876422768726527
0.1562341229657802
0.18799623719042052
0.20099668676173824
0.0
0.0
0.0
0.0
0.0
0.0
0.0
0.0
0.0
0.0
0.0
0.0
0.0
0.0
0.0
0.0
0.0
0.0
0.0
0.0
0.0
0.0
0.0
0.0
0.0
0.5405001916016154
0.2538180851726679
0.5090008914547347
0.29088615568613047
0.1941842314971043
0.12429416138970785
0.01998620206987571
0.025250628705246247
0.11998285798969834
0.27417099643068416
0.39494308591273847
0.0
0.0
0.0
0.0
0.0
0.0
0.0
0.0
0.0
0.0
0.0
0.0
0.0
0.0
0.0
0.0
0.0
0.0
0.0
0.0
0.0
0.0
0.0
0.0
0.0
0.5327618742051671
0.2536509368015134
0.2429259092478281
0.23430762503812363
0.33740116653862773
0.3614295133025004
0.08838901980021714
0.11632639837596694
0.22794664589817254
0.367207611072274
0.29205570370138734
0.0
0.0
0.0
0.0
0.0
0.0
0.0
0.0
0.0
0.0
0.0
0.0
0.0
0.0
0.0
0.0
0.0
0.0
0.0
0.0
0.0
0.0
0.0
0.0
0.0
0.6126109035459741
0.4084940458937224
0.17378105940926547
0.21375115419286814
0.29262688545323984
0.18262457071574095
0.1062358864469918
0.2706242385908854
0.18902364217791365
0.3246562256740898
0.193167571360661
0.0
0.0
0.0
0.0
0.0
0.0
0.0
0.0
0.0
0.0
0.0
0.0
0.0
0.0
0.0
0.0
0.0
0.0
0.0
0.0
0.0
0.0
0.0
0.0
0.0
0.608751969975177
0.3795257510583434
0.4658775203012806
0.23342871452890793
0.1049244214480922
0.11869734572635782
0.22753282808500105
0.13959279038005365
0.12047622956219252
0.17491858814467567
0.26904247099121076
0.0
0.0
0.0
0.0
0.0
0.0
0.0
0.0
0.0
0.0
0.0
0.0
0.0
0.0
0.0
0.0
0.0
0.0
0.0
0.0
0.0
0.0
0.0
0.0
0.0
0.43297693088885214
0.15417711647184612
0.0767153147741626
0.15480108726707173
0.36433722028865295
0.6759634572741584
0.14784397049113093
0.19717094508464683
0.22388944874399117
0.23446247739041134
0.058397024904891084
0.0
0.0
0.0
0.0
0.0
0.0
0.0
0.0
0.0
0.0
0.0
0.0
0.0
0.0
0.0
0.0
0.0
0.0
0.0
0.0
0.0
0.0
0.0
0.0
0.0
0.03666564481398684
0.03204363984129373
0.11643187918629903
0.07184557516938264
0.1380224295651682
0.30757731870410615
0.8443533847422515
0.36276038083604895
0.03875366938158419
0.04996317589768297
0.12934747915291012
0.0
0.0
0.0
0.0
0.0
0.0
0.0
0.0
0.0
0.0
0.0
0.0
0.0
0.0
0.0
0.0
0.0
0.0
0.0
0.0
0.0
0.0
0.0
0.0
0.0
0.3918617424688231
0.08434697155993154
0.7485275659655916
0.12280878035378683
0.08209677615945515
0.10989380728487247
0.0999526049806558
0.3319306313852059
0.1416956148224114
0.03721614295603061
0.3217246714966734
0.0
0.0
0.0
0.0
0.0
0.0
0.0
0.0
0.0
0.0
0.0
0.0
0.0
0.0
0.0
0.0
0.0
0.0
0.0
0.0
0.0
0.0
0.0
0.0
0.0
0.6006854937402284
0.1621311807524317
0.5757363414681986
0.13601468312217654
0.06087804786701136
0.16790074730699275
0.2733387223775674
0.15530113024928124
0.1211941010624609
0.07677691454212476
0.3340749741014303
0.0
0.0
0.0
0.0
0.0
0.0
0.0
0.0
0.0
0.0
0.0
0.0
0.0
0.0
0.0
0.0
0.0
0.0
0.0
0.0
0.0
0.0
0.0
0.0
0.0
0.5277391282128985
0.24192961809601962
0.42272559718494507
0.363366822531243
0.13380642634367843
0.08591780901995631
0.10068401435164244
0.0992482258802784
0.23339990946726608
0.2473344763934197
0.43738509637737805
0.0
0.0
0.0
0.0
0.0
0.0
0.0
0.0
0.0
0.0
0.0
0.0
0.0
0.0
0.0
0.0
0.0
0.0
0.0
0.0
0.0
0.0
0.0
0.0
0.0
0.2124036845149789
0.08369208392407082
0.3672002965555395
0.20110983768950375
0.15843107814869575
0.33322550078273716
0.3451312640324539
0.6312576573265197
0.30939928642433767
0.12276333789177474
0.08977120627152323
0.0
0.0
0.0
0.0
0.0
0.0
0.0
0.0
0.0
0.0
0.0
0.0
0.0
0.0
0.0
0.0
0.0
0.0
0.0
0.0
0.0
0.0
0.0
0.0
0.0
0.28005132026760027
0.22388282273438928
0.352497859397489
0.3357912729371797
0.19046656926124952
0.3102726529792757
0.6161914316117675
0.2597104407765751
0.18606730861413573
0.07116752761413699
0.12273277021881634
0.0
0.0
0.0
0.0
0.0
0.0
0.0
0.0
0.0
0.0
0.0
0.0
0.0
0.0
0.0
0.0
0.0
0.0
0.0
0.0
0.0
0.0
0.0
0.0
0.0
0.4881527860941276
0.27897178515456983
0.09975837105447732
0.09149680300451711
0.08501776961766438
0.3274425591649979
0.6022177108225113
0.3831193983926959
0.18024006770911685
0.05172524225716749
0.08064071496459403
0.0
0.0
0.0
0.0
0.0
0.0
0.0
0.0
0.0
0.0
0.0
0.0
0.0
0.0
0.0
0.0
0.0
0.0
0.0
0.0
0.0
0.0
0.0
0.0
0.0
0.22338878732165757
0.21546362172544611
0.1676997219469167
0.11058124086267011
0.19263384442480305
0.36796414539861844
0.5891704300172009
0.5060377484621784
0.2054775885056588
0.11866301191203903
0.17696923821341215
0.0
0.0
0.0
0.0
0.0
0.0
0.0
0.0
0.0
0.0
0.0
0.0
0.0
0.0
0.0
0.0
0.0
0.0
0.0
0.0
0.0
0.0
0.0
0.0
0.0
0.2112634806869842
0.25985462966534256
0.35033342044007465
0.24873729286870377
0.22802924306762623
0.4534800915835031
0.47539468134624724
0.21152877908151277
0.24409961742476086
0.2397818274996349
0.24036131596836188
0.0
0.0
0.0
0.0
0.0
0.0
0.0
0.0
0.0
0.0
0.0
0.0
0.0
0.0
0.0
0.0
0.0
0.0
0.0
0.0
0.0
0.0
0.0
0.0
0.0
0.5367677858554158
0.2689484012272773
0.3142997446060561
0.261997396847017
0.18442942916535862
0.29039735616847095
0.1683129041442161
0.12457490156249121
0.3457192003530451
0.2621533356759082
0.34882806741961553
0.0
0.0
0.0
0.0
0.0
0.0
0.0
0.0
0.0
0.0
0.0
0.0
0.0
0.0
0.0
0.0
0.0
0.0
0.0
0.0
0.0
0.0
0.0
0.0
0.0
0.062183544954696815
0.12547794918714095
0.7540964825912108
0.1456503216350335
0.027518144745074528
0.04075787741923526
0.03143345271433198
0.08185193972888077
0.08469271304853833
0.10378782450233405
0.6020481266049463
0.0
0.0
0.0
0.0
0.0
0.0
0.0
0.0
0.0
0.0
0.0
0.0
0.0
0.0
0.0
0.0
0.0
0.0
0.0
0.0
0.0
0.0
0.0
0.0
0.0
0.13975545183313107
0.08623764290484623
0.7512056575613845
0.11307220384335749
0.04445449050749026
0.16090696698029427
0.07749385705394822
0.13569686108794118
0.12274848298679111
0.1329866922098979
0.5575817243015802
0.0
0.0
0.0
0.0
0.0
0.0
0.0
0.0
0.0
0.0
0.0
0.0
0.0
0.0
0.0
0.0
0.0
0.0
0.0
0.0
0.0
0.0
0.0
0.0
0.0
0.7598930074663272
0.1246734758871933
0.2943363682487628
0.0931081174198159
0.07131834167935903
0.22211931301125562
0.263206376614442
0.24645270950573722
0.12554881117783773
0.1334841623052953
0.30609764300044645
0.0
0.0
0.0
0.0
0.0
0.0
0.0
0.0
0.0
0.0
0.0
0.0
0.0
0.0
0.0
0.0
0.0
0.0
0.0
0.0
0.0
0.0
0.0
0.0
0.0
0.6923473017451995
0.1635634092807546
0.5105160491499967
0.08010925072224719
0.0667461522732641
0.2334735657481965
0.28273059357340335
0.1373935943379372
0.14009787834944984
0.11738943083443988
0.1888699536083376
0.0
0.0
0.0
0.0
0.0
0.0
0.0
0.0
0.0
0.0
0.0
0.0
0.0
0.0
0.0
0.0
0.0
0.0
0.0
0.0
0.0
0.0
0.0
0.0
0.0
0.2645325549986736
0.22738711496546823
0.611234999025694
0.5452604330173634
0.2722403978583253
0.04721042476806318
0.03734855617659128
0.03567383805353568
0.11075866762398921
0.09996641447849998
0.3257736962448277
0.0
0.0
0.0
0.0
0.0
0.0
0.0
0.0
0.0
0.0
0.0
0.0
0.0
0.0
0.0
0.0
0.0
0.0
0.0
0.0
0.0
0.0
0.0
0.0
0.0
0.2157164951388637
0.1181445378211012
0.4915835477420438
0.053749916998036856
0.03125954812090896
0.021669996465819477
0.010144957318950648
0.03803965036575881
0.031299941738059237
0.3887360395192129
0.7347603322796485
0.0
0.0
0.0
0.0
0.0
0.0
0.0
0.0
0.0
0.0
0.0
0.0
0.0
0.0
0.0
0.0
0.0
0.0
0.0
0.0
0.0
0.0
0.0
0.0
0.0
0.17431538253327314
0.16605372949903413
0.4094973283485197
0.28699280438343877
0.04850883142233799
0.35773517862793913
0.3344204893277708
0.5800022000477016
0.09723291848055644
0.16007516217824241
0.27989622391224345
0.0
0.0
0.0
0.0
0.0
0.0
0.0
0.0
0.0
0.0
0.0
0.0
0.0
0.0
0.0
0.0
0.0
0.0
0.0
0.0
0.0
0.0
0.0
0.0
0.0
0.12383400473155479
0.11357859412114948
0.4797741014172875
0.16973662565157221
0.2928083428119736
0.4362174332867637
0.16912756184023403
0.16401574691214824
0.08332802389574932
0.2083432301202259
0.5752331688239148
0.0
0.0
0.0
0.0
0.0
0.0
0.0
0.0
0.0
0.0
0.0
0.0
0.0
0.0
0.0
0.0
0.0
0.0
0.0
0.0
0.0
0.0
0.0
0.0
0.0
0.148041714861263
0.09761874580792673
0.4819221402288965
0.22352908578422967
0.23790253347006493
0.18617324540594302
0.1806842059804711
0.30628691916850237
0.13419253318187066
0.2804654014919681
0.6098811363017298
0.0
0.0
0.0
0.0
0.0
0.0
0.0
0.0
0.0
0.0
0.0
0.0
0.0
0.0
0.0
0.0
0.0
0.0
0.0
0.0
0.0
0.0
0.0
0.0
0.0
0.2929245384883472
0.20797689420233031
0.44607427031595226
0.03484771386754427
0.1445520972308277
0.38057725360265143
0.5423688739800157
0.16655032873602363
0.1242211990228706
0.22442452526520373
0.3425048501327406
0.0
0.0
0.0
0.0
0.0
0.0
0.0
0.0
0.0
0.0
0.0
0.0
0.0
0.0
0.0
0.0
0.0
0.0
0.0
0.0
0.0
0.0
0.0
0.0
0.0
0.29207869277127096
0.24347413096522813
0.1855387791023971
0.19748579644611355
0.20632947124075418
0.4701668647258128
0.5404566963415421
0.3527439707907829
0.21684610243615124
0.11255570956106202
0.20528907812202773
0.0
0.0
0.0
0.0
0.0
0.0
0.0
0.0
0.0
0.0
0.0
0.0
0.0
0.0
0.0
0.0
0.0
0.0
0.0
0.0
0.0
0.0
0.0
0.0
0.0
0.8394780514198984
0.1621413851112485
0.21173397937552166
0.1095909210755186
0.07743839855394025
0.13049165396591483
0.07274071390812756
0.18958670495650162
0.1917878313441102
0.19360112762803072
0.27133419994920177
0.0
0.0
0.0
0.0
0.0
0.0
0.0
0.0
0.0
0.0
0.0
0.0
0.0
0.0
0.0
0.0
0.0
0.0
0.0
0.0
0.0
0.0
0.0
0.0
0.0
0.8287041868092275
0.1247373575978158
0.3388351779447695
0.10799147019113069
0.03075970687300854
0.07013627997460782
0.013073439604759004
0.025910143472458517
0.07177305242933706
0.20936601735655092
0.3398904514181674
0.0
0.0
0.0
0.0
0.0
0.0
0.0
0.0
0.0
0.0
0.0
0.0
0.0
0.0
0.0
0.0
0.0
0.0
0.0
0.0
0.0
0.0
0.0
0.0
0.0
0.4243045593258545
0.13422126177110957
0.6811865317400144
0.2005847111793999
0.08870705490547984
0.029774262508482356
0.2167998472806714
0.14966199120061843
0.06685748161774933
0.11852721133624028
0.44835925336336385
0.0
0.0
0.0
0.0
0.0
0.0
0.0
0.0
0.0
0.0
0.0
0.0
0.0
0.0
0.0
0.0
0.0
0.0
0.0
0.0
0.0
0.0
0.0
0.0
0.0
0.6633866108316896
0.10409742146477236
0.6207212076824511
0.15538347783846204
0.0595889958759886
0.11975600978195315
0.1673933047127769
0.12320069064372426
0.05764830639910379
0.07998835649648016
0.2623553796091124
0.0
0.0
0.0
0.0
0.0
0.0
0.0
0.0
0.0
0.0
0.0
0.0
0.0
0.0
0.0
0.0
0.0
0.0
0.0
0.0
0.0
0.0
0.0
0.0
0.0
0.3528843850834811
0.3147952799208027
0.12627899110306465
0.04651096443423193
0.4016674747707802
0.6968875154709772
0.30801829419984256
0.1043949235259775
0.021611014387981558
0.03179789936346242
0.06345240438784022
0.0
0.0
0.0
0.0
0.0
0.0
0.0
0.0
0.0
0.0
0.0
0.0
0.0
0.0
0.0
0.0
0.0
0.0
0.0
0.0
0.0
0.0
0.0
0.0
0.0
0.49404444347817406
0.05401899219830624
0.098310572826525
0.3034259584199442
0.3981937759696452
0.6121795614943648
0.09049346629222155
0.040236788432486015
0.030168651514921214
0.16335984869300385
0.28380099076837373
0.0
0.0
0.0
0.0
0.0
0.0
0.0
0.0
0.0
0.0
0.0
0.0
0.0
0.0
0.0
0.0
0.0
0.0
0.0
0.0
0.0
0.0
0.0
0.0
0.0
0.36785826456007426
0.25781041206664146
0.49317906286567215
0.3708998077813808
0.20289720356254393
0.27685110489123627
0.2694955107722633
0.16047804201223703
0.24452383796231536
0.16770875741485683
0.3366138094769911
0.0
0.0
0.0
0.0
0.0
0.0
0.0
0.0
0.0
0.0
0.0
0.0
0.0
0.0
0.0
0.0
0.0
0.0
0.0
0.0
0.0
0.0
0.0
0.0
0.0
0.45955910042873066
0.16258487226345741
0.49819179672625113
0.2550438756275392
0.07239859187059078
0.2044371557586259
0.2742020299337407
0.3841639819222471
0.13044730916576142
0.2824648289350696
0.28726545678900806
0.0
0.0
0.0
0.0
0.0
0.0
0.0
0.0
0.0
0.0
0.0
0.0
0.0
0.0
0.0
0.0
0.0
0.0
0.0
0.0
0.0
0.0
0.0
0.0
0.0
0.5528327007481599
0.25641940445228206
0.6717547254934666
0.1314410506272948
0.08720765986824701
0.09405980464723128
0.07140258383548613
0.12477109448484029
0.1716461653808607
0.11993961184991965
0.2812959982350617
0.0
0.0
0.0
0.0
0.0
0.0
0.0
0.0
0.0
0.0
0.0
0.0
0.0
0.0
0.0
0.0
0.0
0.0
0.0
0.0
0.0
0.0
0.0
0.0
0.0
0.38288869519903235
0.02991160123170209
0.5988086695145808
0.2949038505684391
0.16510340901154316
0.061695969747732206
0.03685793924778573
0.12455368737632241
0.16247892745955858
0.2774146317265359
0.5056337633062759
0.0
0.0
0.0
0.0
0.0
0.0
0.0
0.0
0.0
0.0
0.0
0.0
0.0
0.0
0.0
0.0
0.0
0.0
0.0
0.0
0.0
0.0
0.0
0.0
0.0
0.18042928528489025
0.19204729749258775
0.6056356960697953
0.27200188821516913
0.039724317830069106
0.18481774059387007
0.3632425153566412
0.170276354458274
0.22955776401894237
0.22098748024147616
0.4376944950881315
0.0
0.0
0.0
0.0
0.0
0.0
0.0
0.0
0.0
0.0
0.0
0.0
0.0
0.0
0.0
0.0
0.0
0.0
0.0
0.0
0.0
0.0
0.0
0.0
0.0
0.24559709293117082
0.12711805496302114
0.18714710860335168
0.1404612169637019
0.13722047696470463
0.11418403508672918
0.8107048358524823
0.31767218336009456
0.24378863979349946
0.04169281621220015
0.13256350319039523
0.0
0.0
0.0
0.0
0.0
0.0
0.0
0.0
0.0
0.0
0.0
0.0
0.0
0.0
0.0
0.0
0.0
0.0
0.0
0.0
0.0
0.0
0.0
0.0
0.0
0.665218390600426
0.21201432636025616
0.39946181511103374
0.3014702023958882
0.4025861034807968
0.1310890860544209
0.08729238333296636
0.09450717227340112
0.07963985724464505
0.14261611849052042
0.1989649327088041
0.0
0.0
0.0
0.0
0.0
0.0
0.0
0.0
0.0
0.0
0.0
0.0
0.0
0.0
0.0
0.0
0.0
0.0
0.0
0.0
0.0
0.0
0.0
0.0
0.0
0.850950172423513
0.2505739421001596
0.179541648266749
0.10130586869260032
0.10705613831877032
0.09907260897290655
0.12117351061732541
0.22929782877935254
0.25766930479747696
0.09385188396877943
0.08282428255585929
0.0
0.0
0.0
0.0
0.0
0.0
0.0
0.0
0.0
0.0
0.0
0.0
0.0
0.0
0.0
0.0
0.0
0.0
0.0
0.0
0.0
0.0
0.0
0.0
0.0
0.7065101230253668
0.1768587873026605
0.3492023858560041
0.4360965013584909
0.21342454340612751
0.08337354941258353
0.02067145477961599
0.07424278380738934
0.11854137729963284
0.19603855853971072
0.21568099500305365
0.0
0.0
0.0
0.0
0.0
0.0
0.0
0.0
0.0
0.0
0.0
0.0
0.0
0.0
0.0
0.0
0.0
0.0
0.0
0.0
0.0
0.0
0.0
0.0
0.0
0.165413544684573
0.060924968013762466
0.348241123485529
0.3570700950654427
0.38174779340309994
0.1281340502969846
0.11448323896315814
0.1599137510709393
0.2821844081803344
0.3337821372596242
0.5729646471279802
0.0
0.0
0.0
0.0
0.0
0.0
0.0
0.0
0.0
0.0
0.0
0.0
0.0
0.0
0.0
0.0
0.0
0.0
0.0
0.0
0.0
0.0
0.0
0.0
0.0
0.1453504908918588
0.4486100603186827
0.19020927821741987
0.1948481044616454
0.24361904849813246
0.3085046821620588
0.36981187021339684
0.39403688635095485
0.37452751488972513
0.15476837119420714
0.3044692435231516
0.0
0.0
0.0
0.0
0.0
0.0
0.0
0.0
0.0
0.0
0.0
0.0
0.0
0.0
0.0
0.0
0.0
0.0
0.0
0.0
0.0
0.0
0.0
0.0
0.0
0.5413281890625617
0.40711079684385026
0.2846051684967239
0.15555231871563915
0.09718149649593075
0.19439723028529554
0.22880849989290264
0.22452356600536078
0.2159484860693795
0.41396548967015906
0.2608219738332144
0.0
0.0
0.0
0.0
0.0
0.0
0.0
0.0
0.0
0.0
0.0
0.0
0.0
0.0
0.0
0.0
0.0
0.0
0.0
0.0
0.0
0.0
0.0
0.0
0.0
0.4936070750850248
0.2526967772133629
0.4111190993313288
0.2088162557703938
0.0883750087506158
0.08943006881072714
0.3070988522690745
0.48901198705198273
0.1851197110474698
0.1316926056556723
0.28108840953633035
0.0
0.0
0.0
0.0
0.0
0.0
0.0
0.0
0.0
0.0
0.0
0.0
0.0
0.0
0.0
0.0
0.0
0.0
0.0
0.0
0.0
0.0
0.0
0.0
0.0
0.6132598486347293
0.11999546226172186
0.5390318261869005
0.21165271240127806
0.06705006277039495
0.03685624722063486
0.030981536797368172
0.04666306257338475
0.053216395573526816
0.22098737077782538
0.4620632782109079
0.0
0.0
0.0
0.0
0.0
0.0
0.0
0.0
0.0
0.0
0.0
0.0
0.0
0.0
0.0
0.0
0.0
0.0
0.0
0.0
0.0
0.0
0.0
0.0
0.0
0.6335151126593085
0.31199622789025
0.5368129497996936
0.20008573950778633
0.02779148827859567
0.058926698665977086
0.04985226612989754
0.09470092902425274
0.1157849410456765
0.13947459520145084
0.3529262773939915
0.0
0.0
0.0
0.0
0.0
0.0
0.0
0.0
0.0
0.0
0.0
0.0
0.0
0.0
0.0
0.0
0.0
0.0
0.0
0.0
0.0
0.0
0.0
0.0
0.0
0.588337244570305
0.26423284239836237
0.36667987105168415
0.25163246929021504
0.18648794570974916
0.16162772577093742
0.21440479991109895
0.2651635322419491
0.2387181444683048
0.09592194495668956
0.3780178560629045
0.0
0.0
0.0
0.0
0.0
0.0
0.0
0.0
0.0
0.0
0.0
0.0
0.0
0.0
0.0
0.0
0.0
0.0
0.0
0.0
0.0
0.0
0.0
0.0
0.0
0.22649887143020334
0.16999625246372432
0.4560192084246723
0.025928453648090134
0.060297970430416625
0.054838004285662385
0.23809583233504827
0.35812720492969163
0.3055070646647322
0.19340974370219002
0.6235736239379804
0.0
0.0
0.0
0.0
0.0
0.0
0.0
0.0
0.0
0.0
0.0
0.0
0.0
0.0
0.0
0.0
0.0
0.0
0.0
0.0
0.0
0.0
0.0
0.0
0.0
0.20206939301718543
0.15249993492863023
0.4630654749038305
0.05247249489784359
0.08733287623489944
0.20831474064986205
0.1459564718479401
0.21833122407225802
0.17540384900769462
0.19883003095237975
0.7269353234681944
0.0
0.0
0.0
0.0
0.0
0.0
0.0
0.0
0.0
0.0
0.0
0.0
0.0
0.0
0.0
0.0
0.0
0.0
0.0
0.0
0.0
0.0
0.0
0.0
0.0
0.14179902083092838
0.08000969760339295
0.8160148555057152
0.07067107368180628
0.08613416541779445
0.15676723302985965
0.14222399605874905
0.21458035175952264
0.1931875549528016
0.066684248871514
0.4032135516857459
0.0
0.0
0.0
0.0
0.0
0.0
0.0
0.0
0.0
0.0
0.0
0.0
0.0
0.0
0.0
0.0
0.0
0.0
0.0
0.0
0.0
0.0
0.0
0.0
0.0
0.19763258781614226
0.24681068512683094
0.4937324190848334
0.2274335201189535
0.155145091496868
0.20066633644994047
0.14426920937140056
0.07836519109616795
0.05634198155012582
0.11926846115078558
0.7041569907009289
0.0
0.0
0.0
0.0
0.0
0.0
0.0
0.0
0.0
0.0
0.0
0.0
0.0
0.0
0.0
0.0
0.0
0.0
0.0
0.0
0.0
0.0
0.0
0.0
0.0
0.21187593969510632
0.2172476391409167
0.9000063609668714
0.27078228754190564
0.12956857021743576
0.0423978709446209
0.003565439756951831
0.0014248866551156447
0.0
0.0029245979204374035
0.07725712041159723
0.0
0.0
0.0
0.0
0.0
0.0
0.0
0.0
0.0
0.0
0.0
0.0
0.0
0.0
0.0
0.0
0.0
0.0
0.0
0.0
0.0
0.0
0.0
0.0
0.0
0.11564283781332912
0.11846313678103775
0.6794004252744563
0.338867340129542
0.17382534361368276
0.046413311811373564
0.0015813359452324588
0.07269175893005751
0.06204158990553688
0.06359000191619527
0.5921387691747214
0.0
0.0
0.0
0.0
0.0
0.0
0.0
0.0
0.0
0.0
0.0
0.0
0.0
0.0
0.0
0.0
0.0
0.0
0.0
0.0
0.0
0.0
0.0
0.0
0.0
0.2450272726224773
0.13392083006192537
0.10668345136456739
0.03281680710813576
0.11673138622468161
0.2673001166834668
0.7122037116401433
0.3535609004205798
0.1316623949812571
0.2822810683215918
0.30860322656895317
0.0
0.0
0.0
0.0
0.0
0.0
0.0
0.0
0.0
0.0
0.0
0.0
0.0
0.0
0.0
0.0
0.0
0.0
0.0
0.0
0.0
0.0
0.0
0.0
0.0
0.5629138857902757
0.2859161010594553
0.3295488723019463
0.10774462933172868
0.1145252153296156
0.3208706633726316
0.5112605357949676
0.23996840139443817
0.12989926137716606
0.10082734151023787
0.13813916303182533
0.0
0.0
0.0
0.0
0.0
0.0
0.0
0.0
0.0
0.0
0.0
0.0
0.0
0.0
0.0
0.0
0.0
0.0
0.0
0.0
0.0
0.0
0.0
0.0
0.0
0.3467217268583656
0.13614148622197167
0.04913918517845077
0.10623892377033195
0.0674701165021018
0.26112292160558953
0.7819836563880337
0.35127007777027824
0.17374071341189629
0.04868668206391516
0.08582213991212252
0.0
0.0
0.0
0.0
0.0
0.0
0.0
0.0
0.0
0.0
0.0
0.0
0.0
0.0
0.0
0.0
0.0
0.0
0.0
0.0
0.0
0.0
0.0
0.0
0.0
0.599281587948419
0.22336961085384074
0.07740701838660734
0.09566595310165983
0.15231411310287038
0.2362857642606919
0.5916223031672612
0.25454453502035124
0.18790212479537174
0.15488580425378484
0.15062048996228763
0.0
0.0
0.0
0.0
0.0
0.0
0.0
0.0
0.0
0.0
0.0
0.0
0.0
0.0
0.0
0.0
0.0
0.0
0.0
0.0
0.0
0.0
0.0
0.0
0.0
0.1539418128800458
0.10564190063369513
0.02575683558965761
0.033969182059911014
0.043762688468104875
0.23610403169300082
0.8858276659896535
0.33854750571087483
0.043500050261766066
0.06416622324643431
0.018694235754056744
0.0
0.0
0.0
0.0
0.0
0.0
0.0
0.0
0.0
0.0
0.0
0.0
0.0
0.0
0.0
0.0
0.0
0.0
0.0
0.0
0.0
0.0
0.0
0.0
0.0
0.3673011875932485
0.020884102339239846
0.44636936949922235
0.18952701644823236
0.13214885208111896
0.06633128346752258
0.06014861532142009
0.15688551731666742
0.08407309854142875
0.10172751230438819
0.7496510758156534
0.0
0.0
0.0
0.0
0.0
0.0
0.0
0.0
0.0
0.0
0.0
0.0
0.0
0.0
0.0
0.0
0.0
0.0
0.0
0.0
0.0
0.0
0.0
0.0
0.0
0.41399171001756124
0.046911676790755134
0.6027116545044862
0.22654650941280383
0.02840578936249168
0.14228967150217112
0.10690684659986124
0.13646231273285353
0.12821568246945836
0.20886842597757513
0.5483210213747675
0.0
0.0
0.0
0.0
0.0
0.0
0.0
0.0
0.0
0.0
0.0
0.0
0.0
0.0
0.0
0.0
0.0
0.0
0.0
0.0
0.0
0.0
0.0
0.0
0.0
0.566628457057661
0.04907293190650707
0.42531006738174587
0.13605735914640718
0.04085118430964532
0.08451103684515518
0.1942565309490725
0.1346409419611782
0.16514528467079034
0.13109920860658578
0.6066210475984325
0.0
0.0
0.0
0.0
0.0
0.0
0.0
0.0
0.0
0.0
0.0
0.0
0.0
0.0
0.0
0.0
0.0
0.0
0.0
0.0
0.0
0.0
0.0
0.0
0.0
0.6971900015952408
0.32115447583623186
0.14661370652773037
0.34468000749948813
0.14036661893552785
0.19276434495206973
0.4389183727148605
0.14389247699710211
0.0
0.010433343188301395
0.01272399013818521
0.0
0.0
0.0
0.0
0.0
0.0
0.0
0.0
0.0
0.0
0.0
0.0
0.0
0.0
0.0
0.0
0.0
0.0
0.0
0.0
0.0
0.0
0.0
0.0
0.0
0.9094137115611726
0.27361264966389887
0.05166900267359974
0.21981631146053937
0.17872901362365895
0.09722969606450745
0.034101774137159514
0.010019618955106144
0.021959063981879447
0.01681701779652604
0.06072818206988441
0.0
0.0
0.0
0.0
0.0
0.0
0.0
0.0
0.0
0.0
0.0
0.0
0.0
0.0
0.0
0.0
0.0
0.0
0.0
0.0
0.0
0.0
0.0
0.0
0.0
0.8488366163604926
0.42337772496159665
0.051286400922392304
0.06521621270699651
0.0923515656261043
0.14879728805196418
0.1652606552691767
0.08280606523919719
0.13430142185274477
0.09968075894196382
0.023103085769514774
0.0
0.0
0.0
0.0
0.0
0.0
0.0
0.0
0.0
0.0
0.0
0.0
0.0
0.0
0.0
0.0
0.0
0.0
0.0
0.0
0.0
0.0
0.0
0.0
0.0
0.09797795641535041
0.030138917099187392
0.14463779808368266
0.03142131115053144
0.0476113206182724
0.33133313904924294
0.7818181174256512
0.38008478860711314
0.24720163952995852
0.03902000845882162
0.19287524597178168
0.0
0.0
0.0
0.0
0.0
0.0
0.0
0.0
0.0
0.0
0.0
0.0
0.0
0.0
0.0
0.0
0.0
0.0
0.0
0.0
0.0
0.0
0.0
0.0
0.0
0.289065246358662
0.09450867667683088
0.6535973543869248
0.0793339925072952
0.10262663669783921
0.09255971546220311
0.23352823322876082
0.1785729847390049
0.18387719755676096
0.11950615417273071
0.5660478695351508
0.0
0.0
0.0
0.0
0.0
0.0
0.0
0.0
0.0
0.0
0.0
0.0
0.0
0.0
0.0
0.0
0.0
0.0
0.0
0.0
0.0
0.0
0.0
0.0
0.0
0.054624209818032114
0.11809754764548767
0.7417519664196958
0.09187013571408739
0.07649313836281402
0.09782751860104497
0.07852854434944755
0.07725417432741172
0.01551973868558715
0.059274521799048914
0.6269947119824922
0.0
0.0
0.0
0.0
0.0
0.0
0.0
0.0
0.0
0.0
0.0
0.0
0.0
0.0
0.0
0.0
0.0
0.0
0.0
0.0
0.0
0.0
0.0
0.0
0.0
0.05860786453579715
0.07243241422976791
0.6738210725596301
0.2779028850375205
0.09858334388518497
0.1981953597548903
0.1278077246391355
0.10126438165218263
0.15502347284652965
0.25013810639581724
0.5457683547553323
0.0
0.0
0.0
0.0
0.0
0.0
0.0
0.0
0.0
0.0
0.0
0.0
0.0
0.0
0.0
0.0
0.0
0.0
0.0
0.0
0.0
0.0
0.0
0.0
0.0
0.038757409724726126
0.051114877933158734
0.6101493729926719
0.14498653637928588
0.04533182567112915
0.08070397460797497
0.16743693543705693
0.13014402955621818
0.1719354402405751
0.2266728209342759
0.6841773997113522
0.0
0.0
0.0
0.0
0.0
0.0
0.0
0.0
0.0
0.0
0.0
0.0
0.0
0.0
0.0
0.0
0.0
0.0
0.0
0.0
0.0
0.0
0.0
0.0
0.0
0.5264890482217455
0.22354557754283988
0.44019735349147804
0.1657580760243965
0.2992756222963666
0.10614254177349863
0.1951206129600727
0.08456546676695252
0.03164963496082396
0.031238153819134692
0.5509575086898835
0.0
0.0
0.0
0.0
0.0
0.0
0.0
0.0
0.0
0.0
0.0
0.0
0.0
0.0
0.0
0.0
0.0
0.0
0.0
0.0
0.0
0.0
0.0
0.0
0.0
0.5791093818218043
0.21767491642051837
0.3973376354167557
0.06932856811502595
0.026411419107661538
0.21782418161881892
0.25141823031294785
0.24498699270261998
0.06662399094093646
0.09901252898546624
0.5186032977358289
0.0
0.0
0.0
0.0
0.0
0.0
0.0
0.0
0.0
0.0
0.0
0.0
0.0
0.0
0.0
0.0
0.0
0.0
0.0
0.0
0.0
0.0
0.0
0.0
0.0
0.5861605973036255
0.18751369652679617
0.4388665819614909
0.13164467465820148
0.07708945432101708
0.21638461967077235
0.39166956454744406
0.17240914701908266
0.23204613846309632
0.13635676748564804
0.32091516460602043
0.0
0.0
0.0
0.0
0.0
0.0
0.0
0.0
0.0
0.0
0.0
0.0
0.0
0.0
0.0
0.0
0.0
0.0
0.0
0.0
0.0
0.0
0.0
0.0
0.0
0.21109404118042852
0.49626939677297915
0.13752519080947193
0.0942885311373526
0.12252599458143174
0.5109399866983262
0.5319501839252564
0.3072730572717723
0.14125023873082956
0.051695291229416164
0.0725839793477618
0.0
0.0
0.0
0.0
0.0
0.0
0.0
0.0
0.0
0.0
0.0
0.0
0.0
0.0
0.0
0.0
0.0
0.0
0.0
0.0
0.0
0.0
0.0
0.0
0.0
0.19661824838812128
0.8364763376513199
0.08988727722832059
0.37699908539380866
0.20831403633482012
0.12983962850323932
0.04100703608592096
0.07206738463981421
0.08878726269945493
0.14581500535237973
0.1231544654083541
0.0
0.0
0.0
0.0
0.0
0.0
0.0
0.0
0.0
0.0
0.0
0.0
0.0
0.0
0.0
0.0
0.0
0.0
0.0
0.0
0.0
0.0
0.0
0.0
0.0
0.13312716773636046
0.1692856104547549
0.016320623538985602
0.005998471554233
0.024560384522810095
0.13615996154363677
0.30939541623091926
0.6216787203131652
0.6454263355699961
0.18567322901918362
0.03024549185668613
0.0
0.0
0.0
0.0
0.0
0.0
0.0
0.0
0.0
0.0
0.0
0.0
0.0
0.0
0.0
0.0
0.0
0.0
0.0
0.0
0.0
0.0
0.0
0.0
0.0
0.11784809251108777
0.025601479228445547
0.04764630632014939
0.043165306456647304
0.04052236071291385
0.1883378381970026
0.8840629348963325
0.3864753633187907
0.06694170384294287
0.029046620044574784
0.08918742619661983
0.0
0.0
0.0
0.0
0.0
0.0
0.0
0.0
0.0
0.0
0.0
0.0
0.0
0.0
0.0
0.0
0.0
0.0
0.0
0.0
0.0
0.0
0.0
0.0
0.0
0.4961876149188374
0.06022751509009353
0.6556832444579862
0.2386035655595664
0.12543632054028622
0.10296362482496713
0.24797240261198714
0.22281218025543484
0.13311634244576212
0.081784536347661
0.3184937816970298
0.0
0.0
0.0
0.0
0.0
0.0
0.0
0.0
0.0
0.0
0.0
0.0
0.0
0.0
0.0
0.0
0.0
0.0
0.0
0.0
0.0
0.0
0.0
0.0
0.0
0.8111968384314419
0.10047127208472788
0.35764054742179185
0.1278881577385724
0.1085443940954204
0.05331709920993179
0.024911380243631237
0.026968758152830126
0.12715614008412685
0.13219527903016207
0.37146507999538314
0.0
0.0
0.0
0.0
0.0
0.0
0.0
0.0
0.0
0.0
0.0
0.0
0.0
0.0
0.0
0.0
0.0
0.0
0.0
0.0
0.0
0.0
0.0
0.0
0.0
0.6145381121423426
0.2534529139629347
0.3779265174996578
0.19683818776099257
0.07981510858005315
0.1692370742738513
0.14932050670310254
0.0865063578968592
0.12493365857565013
0.28757032059807724
0.4619892785105779
0.0
0.0
0.0
0.0
0.0
0.0
0.0
0.0
0.0
0.0
0.0
0.0
0.0
0.0
0.0
0.0
0.0
0.0
0.0
0.0
0.0
0.0
0.0
0.0
0.0
0.7274933664125561
0.17287036274038756
0.5479992635061223
0.17809609572239757
0.05786709060321708
0.08458979417331615
0.14955136749764697
0.047425014946811776
0.07750303132400392
0.16327636265718462
0.2026404695850832
0.0
0.0
0.0
0.0
0.0
0.0
0.0
0.0
0.0
0.0
0.0
0.0
0.0
0.0
0.0
0.0
0.0
0.0
0.0
0.0
0.0
0.0
0.0
0.0
0.0
0.3226454366372788
0.12149343105053906
0.5648354202262431
0.2460961475982022
0.16767182282261223
0.1368981459892469
0.057844622265836115
0.13285803591566203
0.1960352703215917
0.18933043923231907
0.5995071806221484
0.0
0.0
0.0
0.0
0.0
0.0
0.0
0.0
0.0
0.0
0.0
0.0
0.0
0.0
0.0
0.0
0.0
0.0
0.0
0.0
0.0
0.0
0.0
0.0
0.0
0.4670491418877877
0.08149202431445901
0.4137246104390457
0.2055230188511764
0.09809704507783043
0.03359153975271607
0.056683815699840524
0.026642377696953653
0.03904550095308269
0.18383466743782997
0.7154176090439178
0.0
0.0
0.0
0.0
0.0
0.0
0.0
0.0
0.0
0.0
0.0
0.0
0.0
0.0
0.0
0.0
0.0
0.0
0.0
0.0
0.0
0.0
0.0
0.0
0.0
0.4206291691217358
0.1261740866057543
0.20484167351308066
0.27293881743923243
0.2840993509314402
0.2537929457294745
0.6387262539291938
0.30579780008504515
0.025988086866921407
0.03562316544662925
0.20529071973172874
0.0
0.0
0.0
0.0
0.0
0.0
0.0
0.0
0.0
0.0
0.0
0.0
0.0
0.0
0.0
0.0
0.0
0.0
0.0
0.0
0.0
0.0
0.0
0.0
0.0
0.2872569796632087
0.19694601775844872
0.06169058614146037
0.17399343426034733
0.6203648365498959
0.6154027604996506
0.2406707617484545
0.13930767572371983
0.0350938475908945
0.027644014445042064
0.041452965298109865
0.0
0.0
0.0
0.0
0.0
0.0
0.0
0.0
0.0
0.0
0.0
0.0
0.0
0.0
0.0
0.0
0.0
0.0
0.0
0.0
0.0
0.0
0.0
0.0
0.0
0.20634208712033633
0.8654259036573312
0.08906624684368745
0.12983466896005205
0.1898125014984869
0.21260744946315657
0.10202617782769094
0.19049611606954125
0.14306341853118412
0.12355498285463225
0.14145427094591953
0.0
0.0
0.0
0.0
0.0
0.0
0.0
0.0
0.0
0.0
0.0
0.0
0.0
0.0
0.0
0.0
0.0
0.0
0.0
0.0
0.0
0.0
0.0
0.0
0.0
0.02256866879856394
0.008294874119344216
0.037730866260553275
0.06103928608861385
0.019881795294076385
0.10205309121766122
0.6531031623961058
0.7417848299653492
0.06694137894186981
0.046409384313367545
0.006234136694742634
0.0
0.0
0.0
0.0
0.0
0.0
0.0
0.0
0.0
0.0
0.0
0.0
0.0
0.0
0.0
0.0
0.0
0.0
0.0
0.0
0.0
0.0
0.0
0.0
0.0
0.06333766941990399
0.05738094139741915
0.010204477101785809
0.00912917591313462
0.0373110096117823
0.2389684879917433
0.6364051588351038
0.6164950666918514
0.2919185746658791
0.2349874843552575
0.09217905843423278
0.0
0.0
0.0
0.0
0.0
0.0
0.0
0.0
0.0
0.0
0.0
0.0
0.0
0.0
0.0
0.0
0.0
0.0
0.0
0.0
0.0
0.0
0.0
0.0
0.0
0.6257671331318959
0.2277170728965082
0.40649932540206796
0.04830518097756903
0.03995609621468814
0.08079054515845209
0.1461005174538038
0.17981246876373824
0.17199400543579585
0.12037569156280062
0.5320823298905485
0.0
0.0
0.0
0.0
0.0
0.0
0.0
0.0
0.0
0.0
0.0
0.0
0.0
0.0
0.0
0.0
0.0
0.0
0.0
0.0
0.0
0.0
0.0
0.0
0.0
0.5192339615216734
0.18567210919737415
0.50450619540049
0.19171217966496076
0.18839093161606357
0.19928729926651162
0.24954501785982142
0.28801890312622574
0.11997618521147208
0.06545893479027731
0.4068520217680666
0.0
0.0
0.0
0.0
0.0
0.0
0.0
0.0
0.0
0.0
0.0
0.0
0.0
0.0
0.0
0.0
0.0
0.0
0.0
0.0
0.0
0.0
0.0
0.0
0.0
0.36058797742766424
0.1878076311629215
0.22171359532386742
0.14054701422460228
0.0916540797968304
0.125681004748634
0.7540947639751538
0.3444932666759727
0.15228603213737113
0.08663903005855624
0.1535127239066021
0.0
0.0
0.0
0.0
0.0
0.0
0.0
0.0
0.0
0.0
0.0
0.0
0.0
0.0
0.0
0.0
0.0
0.0
0.0
0.0
0.0
0.0
0.0
0.0
0.0
0.7451727970027181
0.24217617544889303
0.34205319701859477
0.2103303781739507
0.12995628560275105
0.09045932785672381
0.11754813981319502
0.16933387407192332
0.2124396819243326
0.1438903459046773
0.3023753341995216
0.0
0.0
0.0
0.0
0.0
0.0
0.0
0.0
0.0
0.0
0.0
0.0
0.0
0.0
0.0
0.0
0.0
0.0
0.0
0.0
0.0
0.0
0.0
0.0
0.0
0.3812257216689471
0.16609826173878006
0.6127120054267169
0.13434086370282772
0.08095654616047128
0.009478893932283811
0.0
0.0
0.08078383758034444
0.11831026306862633
0.6375325001699195
0.0
0.0
0.0
0.0
0.0
0.0
0.0
0.0
0.0
0.0
0.0
0.0
0.0
0.0
0.0
0.0
0.0
0.0
0.0
0.0
0.0
0.0
0.0
0.0
0.0
0.31500012906174746
0.1564803635794798
0.6322215177283781
0.06957238872434729
0.06598727319173607
0.01847008597080513
0.0
0.033159918819015165
0.056480117823471246
0.12184581207326917
0.6692630272241622
0.0
0.0
0.0
0.0
0.0
0.0
0.0
0.0
0.0
0.0
0.0
0.0
0.0
0.0
0.0
0.0
0.0
0.0
0.0
0.0
0.0
0.0
0.0
0.0
0.0
0.16298337467504467
0.2171652319722987
0.5790231193602597
0.12399679720823525
0.11072195904468372
0.19129603863804862
0.39616001539660883
0.26355833271244966
0.11414221999350216
0.08229659555344467
0.52969070970815
0.0
0.0
0.0
0.0
0.0
0.0
0.0
0.0
0.0
0.0
0.0
0.0
0.0
0.0
0.0
0.0
0.0
0.0
0.0
0.0
0.0
0.0
0.0
0.0
0.0
0.05963973688624144
0.16820917563379492
0.030519353716560182
0.026260638835140477
0.06330484035028293
0.296081742539936
0.8377286683290507
0.38801384610363515
0.09496456350306742
0.07381706386329054
0.08969129327280083
0.0
0.0
0.0
0.0
0.0
0.0
0.0
0.0
0.0
0.0
0.0
0.0
0.0
0.0
0.0
0.0
0.0
0.0
0.0
0.0
0.0
0.0
0.0
0.0
0.0
0.07496498309429558
0.10927881333908022
0.7944233656496935
0.4220101164100642
0.15549923907860258
0.10374961777726308
0.05532765958212587
0.09165357632955888
0.058834650583916986
0.07919028157658871
0.3421976456741839
0.0
0.0
0.0
0.0
0.0
0.0
0.0
0.0
0.0
0.0
0.0
0.0
0.0
0.0
0.0
0.0
0.0
0.0
0.0
0.0
0.0
0.0
0.0
0.0
0.0
0.02049142363945122
0.033150096826669216
0.19837830139613086
0.5419751405095636
0.43906748888306435
0.09513578096907199
0.48594276044495033
0.3910990733279165
0.1816079180378378
0.1391354558200109
0.14872837685077692
0.0
0.0
0.0
0.0
0.0
0.0
0.0
0.0
0.0
0.0
0.0
0.0
0.0
0.0
0.0
0.0
0.0
0.0
0.0
0.0
0.0
0.0
0.0
0.0
0.0
0.007774500819178686
0.006955259432418215
0.5690727801357874
0.5004170884105253
0.24371243495740855
0.2324637697188627
0.14875525401784823
0.016852806639335492
0.0
0.06973906061320188
0.5337782831747426
0.0
0.0
0.0
0.0
0.0
0.0
0.0
0.0
0.0
0.0
0.0
0.0
0.0
0.0
0.0
0.0
0.0
0.0
0.0
0.0
0.0
0.0
0.0
0.0
0.0
0.24543054587914334
0.029165034712884827
0.5957198129034694
0.0701363167809306
0.0006366684493331068
0.01485096715976341
0.0074837151266616215
0.04212400257222593
0.05272508426247802
0.09034201451503761
0.7524088258573957
0.0
0.0
0.0
0.0
0.0
0.0
0.0
0.0
0.0
0.0
0.0
0.0
0.0
0.0
0.0
0.0
0.0
0.0
0.0
0.0
0.0
0.0
0.0
0.0
0.0
0.19223290311165395
0.07304843665914396
0.779658912215575
0.22484767791458907
0.04067268124107648
0.002075906432189958
0.0
0.0
0.0054373942593037555
0.08311259994427778
0.5391568355214296
0.0
0.0
0.0
0.0
0.0
0.0
0.0
0.0
0.0
0.0
0.0
0.0
0.0
0.0
0.0
0.0
0.0
0.0
0.0
0.0
0.0
0.0
0.0
0.0
0.0
0.12118864201121787
0.07682299214773188
0.8840565141139812
0.18771487448516117
0.040435340085743635
0.028332455499418086
0.030128260761359302
0.07146598944310908
0.021540373268501157
0.15399468778955394
0.36053786295005275
0.0
0.0
0.0
0.0
0.0
0.0
0.0
0.0
0.0
0.0
0.0
0.0
0.0
0.0
0.0
0.0
0.0
0.0
0.0
0.0
0.0
0.0
0.0
0.0
0.0
0.17296131979285373
0.10635485976621031
0.6740916959677348
0.17625057713765152
0.06655218689533293
0.08601582315426698
0.06993410747468104
0.04311908837735678
0.06322912727708907
0.1321876027905047
0.6582246650602339
0.0
0.0
0.0
0.0
0.0
0.0
0.0
0.0
0.0
0.0
0.0
0.0
0.0
0.0
0.0
0.0
0.0
0.0
0.0
0.0
0.0
0.0
0.0
0.0
0.0
0.8662045844875195
0.18992066581486355
0.1310788472127619
0.10430752419935424
0.1809661176269564
0.17269752910270164
0.08598201697119816
0.14035714240325672
0.20886429060843914
0.10999414847996282
0.20042161353911747
0.0
0.0
0.0
0.0
0.0
0.0
0.0
0.0
0.0
0.0
0.0
0.0
0.0
0.0
0.0
0.0
0.0
0.0
0.0
0.0
0.0
0.0
0.0
0.0
0.0
0.868563188491469
0.09558044781283251
0.20147826531927254
0.1355989045779944
0.07697720505044292
0.17751001707373898
0.13222805054593925
0.1350423774696048
0.21078390104017056
0.13183479056712694
0.20619298972153696
0.0
0.0
0.0
0.0
0.0
0.0
0.0
0.0
0.0
0.0
0.0
0.0
0.0
0.0
0.0
0.0
0.0
0.0
0.0
0.0
0.0
0.0
0.0
0.0
0.0
0.8586750151546331
0.18388376588407251
0.25102832886422816
0.19421459216077236
0.13319362033067214
0.10582431255773173
0.04655469947461571
0.0995993450380344
0.13395153983279548
0.1431713369712881
0.2205939875403039
0.0
0.0
0.0
0.0
0.0
0.0
0.0
0.0
0.0
0.0
0.0
0.0
0.0
0.0
0.0
0.0
0.0
0.0
0.0
0.0
0.0
0.0
0.0
0.0
0.0
0.008333485831554618
0.007170619132130226
0.2503578022423862
0.1276073614501545
0.06812204729820323
0.057719488560878815
0.23096392428649928
0.7560142913468846
0.1655603414274982
0.31227185811141966
0.4038792290313045
0.0
0.0
0.0
0.0
0.0
0.0
0.0
0.0
0.0
0.0
0.0
0.0
0.0
0.0
0.0
0.0
0.0
0.0
0.0
0.0
0.0
0.0
0.0
0.0
0.0
0.10300065988075872
0.05471556143246626
0.7036006253526607
0.1358453972559257
0.172563466054475
0.1242195412951131
0.13123178036206506
0.2260839809683522
0.21685009576922187
0.11764722143440058
0.5463332644264207
0.0
0.0
0.0
0.0
0.0
0.0
0.0
0.0
0.0
0.0
0.0
0.0
0.0
0.0
0.0
0.0
0.0
0.0
0.0
0.0
0.0
0.0
0.0
0.0
0.0
0.07859439549717992
0.21472211548878142
0.17726198496686854
0.1682196050898565
0.3826950766770752
0.3641991859070858
0.6521387815982826
0.2606767397461329
0.20275599413693152
0.15383424105588692
0.22558545730688223
0.0
0.0
0.0
0.0
0.0
0.0
0.0
0.0
0.0
0.0
0.0
0.0
0.0
0.0
0.0
0.0
0.0
0.0
0.0
0.0
0.0
0.0
0.0
0.0
0.0
0.716166601366971
0.6297647998335236
0.1978148591817166
0.09706004793543536
0.13224369408931072
0.07675158327969714
0.057893578228765404
0.06725843167878848
0.014252176673623013
0.03269544341893085
0.09707545933019275
0.0
0.0
0.0
0.0
0.0
0.0
0.0
0.0
0.0
0.0
0.0
0.0
0.0
0.0
0.0
0.0
0.0
0.0
0.0
0.0
0.0
0.0
0.0
0.0
0.0
0.881500540548262
0.10378234837133515
0.1196908116854733
0.1224128120108863
0.048504292495842496
0.18215420640342372
0.31026187351092877
0.20930913062026865
0.06258970780427549
0.02333251701243936
0.05298860956511896
0.0
0.0
0.0
0.0
0.0
0.0
0.0
0.0
0.0
0.0
0.0
0.0
0.0
0.0
0.0
0.0
0.0
0.0
0.0
0.0
0.0
0.0
0.0
0.0
0.0
0.9112224983788796
0.26278961173135484
0.18234042364328173
0.01433451967866375
0.04836773026671111
0.07297004621806444
0.07868271886734851
0.11169137927921327
0.12729632916038763
0.03755542569413491
0.15237094545469893
0.0
0.0
0.0
0.0
0.0
0.0
0.0
0.0
0.0
0.0
0.0
0.0
0.0
0.0
0.0
0.0
0.0
0.0
0.0
0.0
0.0
0.0
0.0
0.0
0.0
0.885259136313631
0.18797023154848938
0.2316195001564823
0.026893100193023163
0.029861141823090315
0.08775032133703335
0.12314358783644276
0.042500656056023156
0.01850334341245974
0.05221447701829197
0.31301987305957485
0.0
0.0
0.0
0.0
0.0
0.0
0.0
0.0
0.0
0.0
0.0
0.0
0.0
0.0
0.0
0.0
0.0
0.0
0.0
0.0
0.0
0.0
0.0
0.0
0.0
0.762235771224841
0.19929706210143183
0.5541679517774027
0.06889524491785538
0.03107197708484007
0.10576004129991297
0.14126580189697743
0.07521179513982575
0.03747069526141024
0.019177872232299737
0.1670128670412958
0.0
0.0
0.0
0.0
0.0
0.0
0.0
0.0
0.0
0.0
0.0
0.0
0.0
0.0
0.0
0.0
0.0
0.0
0.0
0.0
0.0
0.0
0.0
0.0
0.0
0.1337533045260423
0.10643575485484917
0.8927718734967188
0.14348615922535196
3.738759025285623e-05
0.004342619678078774
0.00036867051295138713
0.0
0.013577665949086404
0.038745457745125174
0.3891619565820971
0.0
0.0
0.0
0.0
0.0
0.0
0.0
0.0
0.0
0.0
0.0
0.0
0.0
0.0
0.0
0.0
0.0
0.0
0.0
0.0
0.0
0.0
0.0
0.0
0.0
0.17501271063341262
0.1177870566411225
0.7752047370218836
0.0670509105054759
0.016121796960109513
0.0028929921932002393
0.0
0.005804978448154254
0.017047795815056725
0.038896057945811344
0.5898754456002328
0.0
0.0
0.0
0.0
0.0
0.0
0.0
0.0
0.0
0.0
0.0
0.0
0.0
0.0
0.0
0.0
0.0
0.0
0.0
0.0
0.0
0.0
0.0
0.0
0.0
0.20859580447873927
0.1613855666274151
0.6984460381808749
0.013096002673851328
0.01253868538544022
0.00250840001323966
0.002144757053713465
0.004593522824943685
0.018780986128097366
0.051062032980019906
0.6627932165562961
0.0
0.0
0.0
0.0
0.0
0.0
0.0
0.0
0.0
0.0
0.0
0.0
0.0
0.0
0.0
0.0
0.0
0.0
0.0
0.0
0.0
0.0
0.0
0.0
0.0
0.44421791567271496
0.22641785324909436
0.45372600006202174
0.07830692566848527
0.05931267342895577
0.09220172520766644
0.051644283890195354
0.33990941428515364
0.09618428478917532
0.21175019972126508
0.5958958670139949
0.0
0.0
0.0
0.0
0.0
0.0
0.0
0.0
0.0
0.0
0.0
0.0
0.0
0.0
0.0
0.0
0.0
0.0
0.0
0.0
0.0
0.0
0.0
0.0
0.0
0.4798119453868271
0.09263812734183151
0.3220760467266814
0.04841063730659193
0.05835964078897926
0.17075634659184105
0.3617856360112424
0.14726667379147687
0.042788271290791074
0.05772695223325211
0.6817763345591563
0.0
0.0
0.0
0.0
0.0
0.0
0.0
0.0
0.0
0.0
0.0
0.0
0.0
0.0
0.0
0.0
0.0
0.0
0.0
0.0
0.0
0.0
0.0
0.0
0.0
0.16297369273370355
0.15466017847438268
0.1425973978362517
0.19171441457613522
0.14466150724639307
0.6002265937164168
0.6487991993145814
0.14435183272024238
0.11091639368680536
0.08175173699913547
0.2246526408259298
0.0
0.0
0.0
0.0
0.0
0.0
0.0
0.0
0.0
0.0
0.0
0.0
0.0
0.0
0.0
0.0
0.0
0.0
0.0
0.0
0.0
0.0
0.0
0.0
0.0
0.2272285753794705
0.11149221302112652
0.8274709735613587
0.18121199330018892
0.009505580677640542
0.005614655422348848
0.001100259623695467
0.012262036746576612
0.005503721022476189
0.027986839160062442
0.46615840624947286
0.0
0.0
0.0
0.0
0.0
0.0
0.0
0.0
0.0
0.0
0.0
0.0
0.0
0.0
0.0
0.0
0.0
0.0
0.0
0.0
0.0
0.0
0.0
0.0
0.0
0.11706340140055167
0.11972564933937928
0.8284292060917462
0.039588718748111595
0.004853102193102764
0.006639363241360938
0.003659368265077368
0.02156964332747401
0.01770948189686869
0.015354108443222738
0.5319812629738158
0.0
0.0
0.0
0.0
0.0
0.0
0.0
0.0
0.0
0.0
0.0
0.0
0.0
0.0
0.0
0.0
0.0
0.0
0.0
0.0
0.0
0.0
0.0
0.0
0.0
0.28440973534993824
0.022358601931039498
0.7795199012397732
0.11863940174711882
0.024442742429835306
0.0
0.0
0.02104302007255294
0.03726528491465241
0.13132014434614595
0.526507999141475
0.0
0.0
0.0
0.0
0.0
0.0
0.0
0.0
0.0
0.0
0.0
0.0
0.0
0.0
0.0
0.0
0.0
0.0
0.0
0.0
0.0
0.0
0.0
0.0
0.0
0.32987320401996606
0.03830123595253876
0.7230922603214317
0.18882366308906418
0.01058412067898858
0.0
0.009994762580185891
0.01660069157616107
0.005394068554593177
0.05111765409026553
0.5727741959352987
0.0
0.0
0.0
0.0
0.0
0.0
0.0
0.0
0.0
0.0
0.0
0.0
0.0
0.0
0.0
0.0
0.0
0.0
0.0
0.0
0.0
0.0
0.0
0.0
0.0
0.5735890726480559
0.07130971669427522
0.7287574650618974
0.10372201350436716
0.005823793836772882
0.014379825312615903
0.008705567404690131
0.006108608033307026
0.03804075442206136
0.116596410453764
0.3296500890346665
0.0
0.0
0.0
0.0
0.0
0.0
0.0
0.0
0.0
0.0
0.0
0.0
0.0
0.0
0.0
0.0
0.0
0.0
0.0
0.0
0.0
0.0
0.0
0.0
0.0
0.8768455249666145
0.14092647892077592
0.1720866242027001
0.30187355928390236
0.2033403351508838
0.03654330692276403
0.042909906824430515
0.04415946930433335
0.046731621635083376
0.14749812828768594
0.14186837046621517
0.0
0.0
0.0
0.0
0.0
0.0
0.0
0.0
0.0
0.0
0.0
0.0
0.0
0.0
0.0
0.0
0.0
0.0
0.0
0.0
0.0
0.0
0.0
0.0
0.0
0.9229195368440574
0.07982742147116066
0.17926134360484827
0.19926687462643092
0.1281010759406209
0.13597197981125392
0.04591693998067044
0.03974007073946232
0.056311159828584284
0.07979948804006465
0.14792020178196005
0.0
0.0
0.0
0.0
0.0
0.0
0.0
0.0
0.0
0.0
0.0
0.0
0.0
0.0
0.0
0.0
0.0
0.0
0.0
0.0
0.0
0.0
0.0
0.0
0.0
0.7708615968532594
0.014453808858094287
0.41272540664131924
0.2222445392908932
0.09840926968622295
0.029152933077032067
0.034298706500075715
0.03824223844330137
0.08193750596647706
0.13456930374937903
0.38449029772280496
0.0
0.0
0.0
0.0
0.0
0.0
0.0
0.0
0.0
0.0
0.0
0.0
0.0
0.0
0.0
0.0
0.0
0.0
0.0
0.0
0.0
0.0
0.0
0.0
0.0
0.42031965098480073
0.07254144497377563
0.19482758823969307
0.05529166324982366
0.03479460084895609
0.15515499716908987
0.7050951846428729
0.20074124418092212
0.1740995280190754
0.129313451172676
0.40900067770799814
0.0
0.0
0.0
0.0
0.0
0.0
0.0
0.0
0.0
0.0
0.0
0.0
0.0
0.0
0.0
0.0
0.0
0.0
0.0
0.0
0.0
0.0
0.0
0.0
0.0
0.5630065152861017
0.08462443727115514
0.008493664571331043
0.013591881394303191
0.012402534789170187
0.17899902716673657
0.8008728966291206
0.04185195999191872
0.014313002510642298
0.005593042738325479
0.0050877215129401555
0.0
0.0
0.0
0.0
0.0
0.0
0.0
0.0
0.0
0.0
0.0
0.0
0.0
0.0
0.0
0.0
0.0
0.0
0.0
0.0
0.0
0.0
0.0
0.0
0.0
0.1451286726122498
0.1951175752871678
0.06430105290549828
0.04945869275091164
0.05911935052970384
0.6570045959943693
0.6979748641984503
0.04116156750919257
0.02126457149744376
0.019081877399657176
0.09724397155081162
0.0
0.0
0.0
0.0
0.0
0.0
0.0
0.0
0.0
0.0
0.0
0.0
0.0
0.0
0.0
0.0
0.0
0.0
0.0
0.0
0.0
0.0
0.0
0.0
0.0
0.9090464971829013
0.19907662385797636
0.11349843834218219
0.12412310062771835
0.056626419674559614
0.055396090796685796
0.02260659950408762
0.07451042047433783
0.0990392045973344
0.2007946314553787
0.2079642679105362
0.0
0.0
0.0
0.0
0.0
0.0
0.0
0.0
0.0
0.0
0.0
0.0
0.0
0.0
0.0
0.0
0.0
0.0
0.0
0.0
0.0
0.0
0.0
0.0
0.0
0.8106557712344091
0.03873936733874436
0.44590986307935165
0.08458629734792644
0.025708775146771494
0.02933133504282559
0.03129653261120016
0.037045145542988725
0.07958480549631755
0.17300832935337787
0.30855684549820117
0.0
0.0
0.0
0.0
0.0
0.0
0.0
0.0
0.0
0.0
0.0
0.0
0.0
0.0
0.0
0.0
0.0
0.0
0.0
0.0
0.0
0.0
0.0
0.0
0.0
0.6883194197267098
0.10475910113061039
0.5734761065018679
0.23027224984603412
0.06783643851362406
0.08311033245968995
0.05633177273800302
0.05866488221044243
0.07157939554684527
0.1413435497649746
0.3001936003254171
0.0
0.0
0.0
0.0
0.0
0.0
0.0
0.0
0.0
0.0
0.0
0.0
0.0
0.0
0.0
0.0
0.0
0.0
0.0
0.0
0.0
0.0
0.0
0.0
0.0
0.7285806739138333
0.19025687212189824
0.40343644609314083
0.32654786690805937
0.08355262702326102
0.11558672000912355
0.05630656097063984
0.01793889783958553
0.1292442216470399
0.1373976139917767
0.32274186502902175
0.0
0.0
0.0
0.0
0.0
0.0
0.0
0.0
0.0
0.0
0.0
0.0
0.0
0.0
0.0
0.0
0.0
0.0
0.0
0.0
0.0
0.0
0.0
0.0
0.0
0.8665777211228363
0.12333758541362218
0.1898779285562096
0.26310974896082046
0.1376915053599594
0.056178446703828315
0.05183058986003129
0.07749703122908672
0.08136684349044936
0.20842302792107054
0.21836353936170835
0.0
0.0
0.0
0.0
0.0
0.0
0.0
0.0
0.0
0.0
0.0
0.0
0.0
0.0
0.0
0.0
0.0
0.0
0.0
0.0
0.0
0.0
0.0
0.0
0.0
0.29823214957810906
0.5231574557473384
0.4921345047956609
0.38632800689307145
0.2413442217513574
0.07341766133048479
0.06329667334476452
0.05352262572391248
0.08731385150743708
0.25433305019044306
0.3210931733319933
0.0
0.0
0.0
0.0
0.0
0.0
0.0
0.0
0.0
0.0
0.0
0.0
0.0
0.0
0.0
0.0
0.0
0.0
0.0
0.0
0.0
0.0
0.0
0.0
0.0
0.2841268614447382
0.31583536382675365
0.5571449926107873
0.5519151340702851
0.12772280388852347
0.06421459441628898
0.04592974609097976
0.05601222283286478
0.16003343259000963
0.15369962289859196
0.35997399694606314
0.0
0.0
0.0
0.0
0.0
0.0
0.0
0.0
0.0
0.0
0.0
0.0
0.0
0.0
0.0
0.0
0.0
0.0
0.0
0.0
0.0
0.0
0.0
0.0
0.0
0.724075470062228
0.38990044389408424
0.2676853553935711
0.19387485700662452
0.1343340883403895
0.07771738494639137
0.06475545904510635
0.12204813526866425
0.06659489718174443
0.25865103175641596
0.3161321800492364
0.0
0.0
0.0
0.0
0.0
0.0
0.0
0.0
0.0
0.0
0.0
0.0
0.0
0.0
0.0
0.0
0.0
0.0
0.0
0.0
0.0
0.0
0.0
0.0
0.0
0.2824473592416708
0.08015797153829735
0.3039191560224381
0.23168594187455838
0.11818549068572966
0.20579703480216852
0.6031727950287251
0.3947154704518738
0.1212888144956205
0.06971947319917876
0.4150219576273713
0.0
0.0
0.0
0.0
0.0
0.0
0.0
0.0
0.0
0.0
0.0
0.0
0.0
0.0
0.0
0.0
0.0
0.0
0.0
0.0
0.0
0.0
0.0
0.0
0.0
0.008924148148475811
0.014280757399896399
0.020575189692518803
0.10145185957671948
0.18630346271492723
0.2417639011826723
0.6800968430951204
0.6536678694909952
0.07627091296780043
0.011791144282053547
0.008494370462066818
0.0
0.0
0.0
0.0
0.0
0.0
0.0
0.0
0.0
0.0
0.0
0.0
0.0
0.0
0.0
0.0
0.0
0.0
0.0
0.0
0.0
0.0
0.0
0.0
0.0
0.10118164292033387
0.07782628064557455
0.26188301074679154
0.04172358332492395
0.4476316651971276
0.6499234205573402
0.3916959042296036
0.1515088389605106
0.16218357845763012
0.18267254494489082
0.23356762341142587
0.0
0.0
0.0
0.0
0.0
0.0
0.0
0.0
0.0
0.0
0.0
0.0
0.0
0.0
0.0
0.0
0.0
0.0
0.0
0.0
0.0
0.0
0.0
0.0
0.0
0.1810438884647618
0.19799152406129036
0.4793395080351382
0.22476585390399692
0.16924482744843547
0.1350336656782845
0.06215206452893478
0.018797589173557873
0.1254418775243621
0.3995822243277747
0.6490305572165336
0.0
0.0
0.0
0.0
0.0
0.0
0.0
0.0
0.0
0.0
0.0
0.0
0.0
0.0
0.0
0.0
0.0
0.0
0.0
0.0
0.0
0.0
0.0
0.0
0.0
0.609218222728706
0.11556486636478669
0.32509739574106655
0.16876212535434337
0.13679421585541832
0.048170215552780477
0.007902576673130145
0.029930495186860886
0.07742596461813797
0.1322121042891884
0.6601990716063579
0.0
0.0
0.0
0.0
0.0
0.0
0.0
0.0
0.0
0.0
0.0
0.0
0.0
0.0
0.0
0.0
0.0
0.0
0.0
0.0
0.0
0.0
0.0
0.0
0.0
0.6601090048365992
0.26505862051439316
0.3762474808202726
0.16287119776161083
0.09289193226342222
0.10711455221701972
0.06556944725991702
0.127779697432867
0.16483245296228047
0.2774497600621857
0.42548006623850276
0.0
0.0
0.0
0.0
0.0
0.0
0.0
0.0
0.0
0.0
0.0
0.0
0.0
0.0
0.0
0.0
0.0
0.0
0.0
0.0
0.0
0.0
0.0
0.0
0.0
0.6014871006191889
0.4868532121526855
0.3940296768135053
0.22451602408250557
0.14431165748583047
0.0806482973567597
0.1291085554339647
0.07361530942122325
0.08353786247842863
0.1255402362213264
0.3512310147573982
0.0
0.0
0.0
0.0
0.0
0.0
0.0
0.0
0.0
0.0
0.0
0.0
0.0
0.0
0.0
0.0
0.0
0.0
0.0
0.0
0.0
0.0
0.0
0.0
0.0
0.18415395403887772
0.25517816096760354
0.5290830140255424
0.3158079996928797
0.09379161618204084
0.038563181067278615
0.00683545386117538
0.024210163950117602
0.15219678904408432
0.38033323841975336
0.5852980629272876
0.0
0.0
0.0
0.0
0.0
0.0
0.0
0.0
0.0
0.0
0.0
0.0
0.0
0.0
0.0
0.0
0.0
0.0
0.0
0.0
0.0
0.0
0.0
0.0
0.0
0.5897107027824501
0.4629258022541017
0.42617877122039993
0.30109335214794214
0.22759412004461024
0.08413054328919635
0.08581457888741133
0.11777636834531861
0.06806428126253493
0.15457558527432635
0.23878155761003117
0.0
0.0
0.0
0.0
0.0
0.0
0.0
0.0
0.0
0.0
0.0
0.0
0.0
0.0
0.0
0.0
0.0
0.0
0.0
0.0
0.0
0.0
0.0
0.0
0.0
0.35124315992297594
0.3479460791557089
0.659256176936248
0.24769353718736598
0.2184074147182185
0.03875281331336211
0.02472138636078307
0.07719265096354633
0.09543046126999813
0.2231229852219495
0.3806923985213931
0.0
0.0
0.0
0.0
0.0
0.0
0.0
0.0
0.0
0.0
0.0
0.0
0.0
0.0
0.0
0.0
0.0
0.0
0.0
0.0
0.0
0.0
0.0
0.0
0.0
0.23359755404087507
0.16918629082336265
0.5384484305767454
0.2863144864429026
0.27930756783130845
0.18670117277758227
0.07088856437585274
0.02902286322569128
0.047417281835399734
0.26501297281418634
0.5947164444640883
0.0
0.0
0.0
0.0
0.0
0.0
0.0
0.0
0.0
0.0
0.0
0.0
0.0
0.0
0.0
0.0
0.0
0.0
0.0
0.0
0.0
0.0
0.0
0.0
0.0
0.18797213835117818
0.14329633738800004
0.7814439639766172
0.2305229627218495
0.10189753929763055
0.06407657983960222
0.03637840673342025
0.03491962459714635
0.036772069150013215
0.08317762310744653
0.5050096458530504
0.0
0.0
0.0
0.0
0.0
0.0
0.0
0.0
0.0
0.0
0.0
0.0
0.0
0.0
0.0
0.0
0.0
0.0
0.0
0.0
0.0
0.0
0.0
0.0
0.0
0.03572195074738248
0.17613729861978647
0.5084840707536841
0.2666208754139057
0.20343041057713443
0.1524525390955642
0.11681831612544329
0.26839731740551015
0.3632762214239807
0.4385257604221264
0.404318005597076
0.0
0.0
0.0
0.0
0.0
0.0
0.0
0.0
0.0
0.0
0.0
0.0
0.0
0.0
0.0
0.0
0.0
0.0
0.0
0.0
0.0
0.0
0.0
0.0
0.0
0.27201144265559457
0.043337259872679695
0.7817506141507817
0.2051230139879192
0.047086842790539554
0.05492909865412101
0.11994394585078495
0.06687989846936579
0.06900040342206337
0.17102247549125446
0.46132265603860095
0.0
0.0
0.0
0.0
0.0
0.0
0.0
0.0
0.0
0.0
0.0
0.0
0.0
0.0
0.0
0.0
0.0
0.0
0.0
0.0
0.0
0.0
0.0
0.0
0.0
0.356038591840877
0.16694913892227106
0.585574765847058
0.2758161965378371
0.1413985614345681
0.1723676284530485
0.12684884160268015
0.155990473779016
0.09383834260557998
0.20929785126072364
0.5325909230716261
0.0
0.0
0.0
0.0
0.0
0.0
0.0
0.0
0.0
0.0
0.0
0.0
0.0
0.0
0.0
0.0
0.0
0.0
0.0
0.0
0.0
0.0
0.0
0.0
0.0
0.2355708285946663
0.12228776430059134
0.6586846183016556
0.12258356535485372
0.10609437153868131
0.05802956449588656
0.03039252034110119
0.018200169497236504
0.05529413544107123
0.12880612430590008
0.6671829389097231
0.0
0.0
0.0
0.0
0.0
0.0
0.0
0.0
0.0
0.0
0.0
0.0
0.0
0.0
0.0
0.0
0.0
0.0
0.0
0.0
0.0
0.0
0.0
0.0
0.0
0.34886153704052847
0.15101628392799576
0.5483736970829802
0.4641512862217448
0.12996431025462155
0.10696034904719255
0.06860305453895736
0.0685294434397414
0.10463705776028111
0.2525970058500342
0.4762893224384937
0.0
0.0
0.0
0.0
0.0
0.0
0.0
0.0
0.0
0.0
0.0
0.0
0.0
0.0
0.0
0.0
0.0
0.0
0.0
0.0
0.0
0.0
0.0
0.0
0.0
0.1670369836755108
0.09517678910086265
0.6391703605260637
0.2709044302182757
0.04664515588635863
0.00041080703645981283
0.004222255835312915
0.0030347164495644935
0.036984875787168345
0.05954567001801305
0.6884733260489412
0.0
0.0
0.0
0.0
0.0
0.0
0.0
0.0
0.0
0.0
0.0
0.0
0.0
0.0
0.0
0.0
0.0
0.0
0.0
0.0
0.0
0.0
0.0
0.0
0.0
0.32509534120049743
0.1940483944718869
0.8316388631553435
0.22265947555405152
0.040680564185419835
0.012813676641691536
0.0
0.006734119351413928
0.031466000231818336
0.07500808524702471
0.3270734320765333
0.0
0.0
0.0
0.0
0.0
0.0
0.0
0.0
0.0
0.0
0.0
0.0
0.0
0.0
0.0
0.0
0.0
0.0
0.0
0.0
0.0
0.0
0.0
0.0
0.0
0.27506612134011976
0.1943329563306622
0.7179761598074994
0.22377999465345713
0.15530142281220616
0.10065775467638141
0.006273755659373664
0.03835756536932112
0.03198023493183292
0.2019119216019304
0.49341031714918715
0.0
0.0
0.0
0.0
0.0
0.0
0.0
0.0
0.0
0.0
0.0
0.0
0.0
0.0
0.0
0.0
0.0
0.0
0.0
0.0
0.0
0.0
0.0
0.0
0.0
0.4391205866966419
0.16498492570241136
0.7171114010247052
0.25162478605932237
0.02687732488075154
0.0035109578399664465
0.004818362143529256
0.005929486676658072
0.0019968593493083523
0.08922827957112023
0.44003468502491305
0.0
0.0
0.0
0.0
0.0
0.0
0.0
0.0
0.0
0.0
0.0
0.0
0.0
0.0
0.0
0.0
0.0
0.0
0.0
0.0
0.0
0.0
0.0
0.0
0.0
0.4035642740629409
0.21459120560769246
0.6217349475126568
0.3291618650146347
0.19968608900068335
0.10654762084823872
0.050921320377763236
0.0018544436802750534
0.02729053168735965
0.13663165812754932
0.47217399360379897
0.0
0.0
0.0
0.0
0.0
0.0
0.0
0.0
0.0
0.0
0.0
0.0
0.0
0.0
0.0
0.0
0.0
0.0
0.0
0.0
0.0
0.0
0.0
0.0
0.0
0.6633891671464025
0.19569725187965603
0.5585964247305942
0.19977666369333735
0.05071654958965022
0.012786485696857657
0.004111675352725744
0.0
0.015104240625422392
0.055617838940958765
0.4044782649970389
0.0
0.0
0.0
0.0
0.0
0.0
0.0
0.0
0.0
0.0
0.0
0.0
0.0
0.0
0.0
0.0
0.0
0.0
0.0
0.0
0.0
0.0
0.0
0.0
0.0
0.6206431698478341
0.3254308930842588
0.5053614000598504
0.21195877887085643
0.11676699282361264
0.05033581165892327
0.03855239432058739
0.016695431566119665
0.05261672317726251
0.0969391809619756
0.42247029183338447
0.0
0.0
0.0
0.0
0.0
0.0
0.0
0.0
0.0
0.0
0.0
0.0
0.0
0.0
0.0
0.0
0.0
0.0
0.0
0.0
0.0
0.0
0.0
0.0
0.0
0.9152642197814065
0.2401555585099321
0.10451486468876212
0.17816935583974963
0.13925846482898008
0.0903916731900284
0.06451378988008462
0.06056133408130018
0.10228164849739889
0.11170231678259793
0.06013998113146754
0.0
0.0
0.0
0.0
0.0
0.0
0.0
0.0
0.0
0.0
0.0
0.0
0.0
0.0
0.0
0.0
0.0
0.0
0.0
0.0
0.0
0.0
0.0
0.0
0.0
0.7551224899911966
0.3556762095242858
0.23464969784268644
0.07727376671901061
0.086925448011063
0.09843207114629442
0.04186706294660474
0.0968997937361515
0.11256699746231448
0.23488380738877415
0.38213045462019807
0.0
0.0
0.0
0.0
0.0
0.0
0.0
0.0
0.0
0.0
0.0
0.0
0.0
0.0
0.0
0.0
0.0
0.0
0.0
0.0
0.0
0.0
0.0
0.0
0.0
0.7928085329205203
0.1475445059879031
0.33992214280992233
0.1297557164898228
0.08878807166426023
0.07896490160510512
0.04848734853406976
0.06655202466197746
0.07301601184308343
0.27919760043302283
0.33633321180647574
0.0
0.0
0.0
0.0
0.0
0.0
0.0
0.0
0.0
0.0
0.0
0.0
0.0
0.0
0.0
0.0
0.0
0.0
0.0
0.0
0.0
0.0
0.0
0.0
0.0
0.45026353064801405
0.3811094478103591
0.4685769452763476
0.320084321773933
0.033431170689139575
0.054536969373573566
0.022054655327185004
0.024488698401262853
0.04645826195085779
0.09307449707166446
0.5603577023530136
0.0
0.0
0.0
0.0
0.0
0.0
0.0
0.0
0.0
0.0
0.0
0.0
0.0
0.0
0.0
0.0
0.0
0.0
0.0
0.0
0.0
0.0
0.0
0.0
0.0
0.711962598768199
0.30175651761649064
0.32214762154538484
0.10394592135064835
0.06350473235667009
0.029782986069180978
0.011292443315001906
0.02845957966130576
0.14543901554788488
0.2609140006676492
0.43861423844771763
0.0
0.0
0.0
0.0
0.0
0.0
0.0
0.0
0.0
0.0
0.0
0.0
0.0
0.0
0.0
0.0
0.0
0.0
0.0
0.0
0.0
0.0
0.0
0.0
0.0
0.8526630569107355
0.22828840436307946
0.3703954449663786
0.05420656712888748
0.011029007454429158
0.04072359978593238
0.06965303330371243
0.05547765527852621
0.03225148889274515
0.05642637964356841
0.25842894094356744
0.0
0.0
0.0
0.0
0.0
0.0
0.0
0.0
0.0
0.0
0.0
0.0
0.0
0.0
0.0
0.0
0.0
0.0
0.0
0.0
0.0
0.0
0.0
0.0
0.0
0.631143105741204
0.19671572502658147
0.42952413311864407
0.5511998912272136
0.2185524952205588
0.11218940716038626
0.049678401844843276
0.01815989240541081
0.016506653451675526
0.009766105868541743
0.10550722535553897
0.0
0.0
0.0
0.0
0.0
0.0
0.0
0.0
0.0
0.0
0.0
0.0
0.0
0.0
0.0
0.0
0.0
0.0
0.0
0.0
0.0
0.0
0.0
0.0
0.0
0.8006383707488358
0.280933281025356
0.363654650386071
0.2038374083307308
0.052510324647671615
0.03459685994437091
0.04795630808211997
0.03833214090940137
0.04004102052116493
0.11921350776862621
0.28761383125906365
0.0
0.0
0.0
0.0
0.0
0.0
0.0
0.0
0.0
0.0
0.0
0.0
0.0
0.0
0.0
0.0
0.0
0.0
0.0
0.0
0.0
0.0
0.0
0.0
0.0
0.48045533673182095
0.254364943337307
0.755635314142281
0.2326740970164736
0.039860749721366245
0.006074352104509816
0.011954018886428108
0.03596106508522345
0.059079074962746544
0.13635434556574522
0.23279704263806628
0.0
0.0
0.0
0.0
0.0
0.0
0.0
0.0
0.0
0.0
0.0
0.0
0.0
0.0
0.0
0.0
0.0
0.0
0.0
0.0
0.0
0.0
0.0
0.0
0.0
0.6554475855317426
0.23441455416857984
0.46448951180388465
0.3826679295612636
0.1248372199198845
0.046538487171260474
0.2054530346636258
0.06957951516617285
0.03355629109546006
0.16293588110665919
0.24652886616212943
0.0
0.0
0.0
0.0
0.0
0.0
0.0
0.0
0.0
0.0
0.0
0.0
0.0
0.0
0.0
0.0
0.0
0.0
0.0
0.0
0.0
0.0
0.0
0.0
0.0
0.5799731234795218
0.2432524427391508
0.3697297715630589
0.31732019571739983
0.20511151276321415
0.07234297052564295
0.0515108851512919
0.01275187997140763
0.051772084806800504
0.30578430883472446
0.46985380968287055
0.0
0.0
0.0
0.0
0.0
0.0
0.0
0.0
0.0
0.0
0.0
0.0
0.0
0.0
0.0
0.0
0.0
0.0
0.0
0.0
0.0
0.0
0.0
0.0
0.0
0.16605129276357275
0.28307219222974866
0.6454226142490375
0.2825616318668397
0.14297829188657787
0.1060747683815684
0.06782919473052995
0.07173349548928587
0.11730938124958133
0.2553463346144684
0.5248631167927148
0.0
0.0
0.0
0.0
0.0
0.0
0.0
0.0
0.0
0.0
0.0
0.0
0.0
0.0
0.0
0.0
0.0
0.0
0.0
0.0
0.0
0.0
0.0
0.0
0.0
0.24692097549605593
0.0813148878261275
0.37355401144618033
0.20187491388314355
0.040989803623859414
0.042201939971820375
0.04369478367913049
0.05955091514585014
0.16316990978867682
0.42080242027750997
0.7345107424872722
0.0
0.0
0.0
0.0
0.0
0.0
0.0
0.0
0.0
0.0
0.0
0.0
0.0
0.0
0.0
0.0
0.0
0.0
0.0
0.0
0.0
0.0
0.0
0.0
0.0
0.5395342251233198
0.2059520141081382
0.42010846705140936
0.2869430503506084
0.38062721555999673
0.2890555562229809
0.2255299643544988
0.15336654396369426
0.14505835141732773
0.142277378166134
0.2521093383462795
0.0
0.0
0.0
0.0
0.0
0.0
0.0
0.0
0.0
0.0
0.0
0.0
0.0
0.0
0.0
0.0
0.0
0.0
0.0
0.0
0.0
0.0
0.0
0.0
0.0
0.5649395980702006
0.38590952865786693
0.5320015198128879
0.3440107145765881
0.09781658568845482
0.06489432288783122
0.014953241592665263
0.05870677364492682
0.05945145191389702
0.055723085687172116
0.32628073448904926
0.0
0.0
0.0
0.0
0.0
0.0
0.0
0.0
0.0
0.0
0.0
0.0
0.0
0.0
0.0
0.0
0.0
0.0
0.0
0.0
0.0
0.0
0.0
0.0
0.0
0.5530520258777777
0.17845080497236965
0.619840948790784
0.43404439795627203
0.11549013397921215
0.10221227713084147
0.011123664198373516
0.07085275609358915
0.11361584338735053
0.169378486293325
0.13843635577555494
0.0
0.0
0.0
0.0
0.0
0.0
0.0
0.0
0.0
0.0
0.0
0.0
0.0
0.0
0.0
0.0
0.0
0.0
0.0
0.0
0.0
0.0
0.0
0.0
0.0
0.7922828474811175
0.11594887016213086
0.14036645051004826
0.3755602980128338
0.2543594474332994
0.049203785390971366
0.05859663227229567
0.16337986956681882
0.14210909832489949
0.22589339097540564
0.17212310484439966
0.0
0.0
0.0
0.0
0.0
0.0
0.0
0.0
0.0
0.0
0.0
0.0
0.0
0.0
0.0
0.0
0.0
0.0
0.0
0.0
0.0
0.0
0.0
0.0
0.0
0.48908177504555495
0.6276290443774855
0.3950545739000033
0.18537052759352554
0.06069742543022138
0.08112421099168068
0.027780177981367355
0.11542295472978285
0.09228591986210669
0.12104710660394208
0.359056884435304
0.0
0.0
0.0
0.0
0.0
0.0
0.0
0.0
0.0
0.0
0.0
0.0
0.0
0.0
0.0
0.0
0.0
0.0
0.0
0.0
0.0
0.0
0.0
0.0
0.0
0.597227137633662
0.33476055315334197
0.41605696087748756
0.38163371354984704
0.2960481141689054
0.08486218268111759
0.03279130917944536
0.006901432730300587
0.016816627062870283
0.11724949919798959
0.32016903726338264
0.0
0.0
0.0
0.0
0.0
0.0
0.0
0.0
0.0
0.0
0.0
0.0
0.0
0.0
0.0
0.0
0.0
0.0
0.0
0.0
0.0
0.0
0.0
0.0
0.0
0.8080865931835635
0.24882481649699742
0.42509827493107943
0.12993639425213874
0.09113136660140456
0.08384744353543215
0.0310451729553791
0.03229131554325889
0.0399763559881998
0.07940273919527881
0.24949048697770276
0.0
0.0
0.0
0.0
0.0
0.0
0.0
0.0
0.0
0.0
0.0
0.0
0.0
0.0
0.0
0.0
0.0
0.0
0.0
0.0
0.0
0.0
0.0
0.0
0.0
0.6202712603939293
0.5110081346282732
0.2908724278747598
0.14626914435047383
0.11628643145693857
0.08800308938501526
0.020844470473512514
0.09587602388722284
0.08723208166913962
0.35870679810741446
0.284533008836297
0.0
0.0
0.0
0.0
0.0
0.0
0.0
0.0
0.0
0.0
0.0
0.0
0.0
0.0
0.0
0.0
0.0
0.0
0.0
0.0
0.0
0.0
0.0
0.0
0.0
0.36942035799769163
0.3170546418435398
0.35114897059020606
0.34063596060139306
0.2601985674850274
0.20801961677060815
0.0801653630089375
0.0818466690940894
0.1728248602280012
0.3282298380978346
0.5118226439886817
0.0
0.0
0.0
0.0
0.0
0.0
0.0
0.0
0.0
0.0
0.0
0.0
0.0
0.0
0.0
0.0
0.0
0.0
0.0
0.0
0.0
0.0
0.0
0.0
0.0
0.5139137994583691
0.22498796696611273
0.5650160024654624
0.38314060673738404
0.12731087996247314
0.10399080175427318
0.03123862264708943
0.0240135220196187
0.0439490686005562
0.1699415303875728
0.3998086063371573
0.0
0.0
0.0
0.0
0.0
0.0
0.0
0.0
0.0
0.0
0.0
0.0
0.0
0.0
0.0
0.0
0.0
0.0
0.0
0.0
0.0
0.0
0.0
0.0
0.0
0.2843118122024541
0.1536469181046397
0.5861045821663641
0.2686508822869678
0.18007273577080676
0.05139459398666217
0.020127842217158624
0.015791897129614093
0.020680546954802596
0.14317056535728548
0.6505535611275568
0.0
0.0
0.0
0.0
0.0
0.0
0.0
0.0
0.0
0.0
0.0
0.0
0.0
0.0
0.0
0.0
0.0
0.0
0.0
0.0
0.0
0.0
0.0
0.0
0.0
0.2626366770100233
0.17938645646478116
0.6514947286625299
0.3225308642810344
0.1320131914125199
0.06161400559132977
0.013999220850067664
0.04121029453844924
0.04380724051943443
0.1505405249778022
0.5680417029606238
0.0
0.0
0.0
0.0
0.0
0.0
0.0
0.0
0.0
0.0
0.0
0.0
0.0
0.0
0.0
0.0
0.0
0.0
0.0
0.0
0.0
0.0
0.0
0.0
0.0
0.5340587326816428
0.3453409800789601
0.5543725756040607
0.19785739642400943
0.09712766895818879
0.0845966655796474
0.048492294040176305
0.034498691425470095
0.0148943526115026
0.08261360569102152
0.47102599062284345
0.0
0.0
0.0
0.0
0.0
0.0
0.0
0.0
0.0
0.0
0.0
0.0
0.0
0.0
0.0
0.0
0.0
0.0
0.0
0.0
0.0
0.0
0.0
0.0
0.0
0.5470961811683007
0.3831047836426862
0.5022452535881881
0.3496451035178099
0.18256769980362042
0.04380839984386715
0.030033605554738455
0.08952458788220653
0.08936892759396688
0.12766705500047812
0.3331096032493763
0.0
0.0
0.0
0.0
0.0
0.0
0.0
0.0
0.0
0.0
0.0
0.0
0.0
0.0
0.0
0.0
0.0
0.0
0.0
0.0
0.0
0.0
0.0
0.0
0.0
0.14381402450577135
0.38478452440418487
0.45149823542270195
0.4227574618700134
0.07990302371088419
0.013492418289909958
0.05391627544526381
0.10611902578661817
0.14914936911171803
0.3198229081048633
0.5508329058631042
0.0
0.0
0.0
0.0
0.0
0.0
0.0
0.0
0.0
0.0
0.0
0.0
0.0
0.0
0.0
0.0
0.0
0.0
0.0
0.0
0.0
0.0
0.0
0.0
0.0
0.5232756712063701
0.2455354111984886
0.6438237160561486
0.22638205108916787
0.19203553722717615
0.037485434369458774
0.005970264531616014
0.016051576726260678
0.05084678362840025
0.11020454509456247
0.3831847905027008
0.0
0.0
0.0
0.0
0.0
0.0
0.0
0.0
0.0
0.0
0.0
0.0
0.0
0.0
0.0
0.0
0.0
0.0
0.0
0.0
0.0
0.0
0.0
0.0
0.0
0.5552078259195964
0.5092716726833582
0.21842077661443615
0.05547775004854321
0.007391156551071324
0.03432139099067189
0.15821833359593837
0.07115079810154194
0.26128263200354773
0.3669140502300304
0.3838992299532026
0.0
0.0
0.0
0.0
0.0
0.0
0.0
0.0
0.0
0.0
0.0
0.0
0.0
0.0
0.0
0.0
0.0
0.0
0.0
0.0
0.0
0.0
0.0
0.0
0.0
0.7305288085907776
0.2232949058684985
0.16157488935815242
0.37502616770977515
0.29049695719792545
0.2681904049329001
0.1362492452447838
0.048610325924919824
0.1220265251008289
0.029093998251203613
0.238196649589971
0.0
0.0
0.0
0.0
0.0
0.0
0.0
0.0
0.0
0.0
0.0
0.0
0.0
0.0
0.0
0.0
0.0
0.0
0.0
0.0
0.0
0.0
0.0
0.0
0.0
0.5897510323178965
0.29656430314560145
0.2535248627163458
0.07271191947889769
0.07198628096964242
0.013123783261522802
0.008043189454819504
0.24622108974523702
0.37932382589268604
0.3098488125750976
0.43444772633673073
0.0
0.0
0.0
0.0
0.0
0.0
0.0
0.0
0.0
0.0
0.0
0.0
0.0
0.0
0.0
0.0
0.0
0.0
0.0
0.0
0.0
0.0
0.0
0.0
0.0
0.4660547893491293
0.45210162682803096
0.28875847661670806
0.1493581314878055
0.20513532433019324
0.07365003665136616
0.1579239465134388
0.24117168885361295
0.09309844673919089
0.28102083006777534
0.5044394213319774
0.0
0.0
0.0
0.0
0.0
0.0
0.0
0.0
0.0
0.0
0.0
0.0
0.0
0.0
0.0
0.0
0.0
0.0
0.0
0.0
0.0
0.0
0.0
0.0
0.0
0.692388614554588
0.4695127088806965
0.16241153157199142
0.14031034271197346
0.13293981116022216
0.0017448554623755944
0.031165585150868293
0.08801619779344505
0.11785614416392745
0.2332153827373333
0.3992714072269098
0.0
0.0
0.0
0.0
0.0
0.0
0.0
0.0
0.0
0.0
0.0
0.0
0.0
0.0
0.0
0.0
0.0
0.0
0.0
0.0
0.0
0.0
0.0
0.0
0.0
0.7061332567719756
0.3236680418753568
0.1469863374393307
0.12706870684386548
0.0836652809161661
0.045733289589954505
0.08684604156490114
0.1425135500009373
0.23230554782224197
0.37429775420245015
0.3575681004641255
0.0
0.0
0.0
0.0
0.0
0.0
0.0
0.0
0.0
0.0
0.0
0.0
0.0
0.0
0.0
0.0
0.0
0.0
0.0
0.0
0.0
0.0
0.0
0.0
0.0
0.6891624022620535
0.3411787316957888
0.28882745991989495
0.09781278856602288
0.06743599814599088
0.035644847115628556
0.025379651978644654
0.04078835615770824
0.03820999821758816
0.12267474609394113
0.539470601737073
0.0
0.0
0.0
0.0
0.0
0.0
0.0
0.0
0.0
0.0
0.0
0.0
0.0
0.0
0.0
0.0
0.0
0.0
0.0
0.0
0.0
0.0
0.0
0.0
0.0
0.7194698408928261
0.256781153666448
0.42984428416902537
0.32237810379552395
0.23676191404123673
0.10366320859435868
0.13792339484707816
0.06689879873417884
0.02294796081274435
0.0816776460419501
0.17388045630437063
0.0
0.0
0.0
0.0
0.0
0.0
0.0
0.0
0.0
0.0
0.0
0.0
0.0
0.0
0.0
0.0
0.0
0.0
0.0
0.0
0.0
0.0
0.0
0.0
0.0
0.6312839519265676
0.43947720987619093
0.3435244844765121
0.0785633573304441
0.11411182937379
0.0853782529029274
0.1001193823224218
0.14693062301463283
0.15217992361068103
0.12635329552756203
0.4394448118715479
0.0
0.0
0.0
0.0
0.0
0.0
0.0
0.0
0.0
0.0
0.0
0.0
0.0
0.0
0.0
0.0
0.0
0.0
0.0
0.0
0.0
0.0
0.0
0.0
0.0
0.46982639783594643
0.4399189185816004
0.35379275514511127
0.3112179834651873
0.3912950774393806
0.3329277983029759
0.1376553864024763
0.18948944237517015
0.16936028459147573
0.028577857189008387
0.12410053802599409
0.0
0.0
0.0
0.0
0.0
0.0
0.0
0.0
0.0
0.0
0.0
0.0
0.0
0.0
0.0
0.0
0.0
0.0
0.0
0.0
0.0
0.0
0.0
0.0
0.0
