0.022842778661433402
0.03720907056619689
0.23339665406722426
0.06394933011796859
0.050168745621411416
0.4238691160209164
0.7757300557123535
0.3160534459339588
0.06935228097108942
0.07698780868698642
0.21204830921324308
0.0
0.0
0.0
0.0
0.0
0.0
0.0
0.0
0.0
0.0
0.0
0.0
0.0
0.0
0.0
0.0
0.0
0.0
0.0
0.0
0.0
0.0
0.0
0.0
0.0
0.5071845318385496
0.093061115471338
0.40613040193974626
0.3804758629729468
0.2904245907180157
0.2898665941232436
0.2517313845156794
0.34762744112315036
0.1659239219316797
0.07869168942405783
0.1951767169983249
0.0
0.0
0.0
0.0
0.0
0.0
0.0
0.0
0.0
0.0
0.0
0.0
0.0
0.0
0.0
0.0
0.0
0.0
0.0
0.0
0.0
0.0
0.0
0.0
0.0
0.3912839180966124
0.22262271395637795
0.26984605248808025
0.25438691059571183
0.2469849392080861
0.37821095980713
0.426093549020972
0.28543556247518886
0.16470894560211863
0.33868848441762317
0.2255953034721562
0.0
0.0
0.0
0.0
0.0
0.0
0.0
0.0
0.0
0.0
0.0
0.0
0.0
0.0
0.0
0.0
0.0
0.0
0.0
0.0
0.0
0.0
0.0
0.0
0.0
0.14019008159288665
0.15074835958253474
0.1265000774453368
0.08802395688557345
0.08765756466292488
0.236878032797642
0.6178421355427001
0.49196550001783
0.34064505226250397
0.33949539579889215
0.12256019909677617
0.0
0.0
0.0
0.0
0.0
0.0
0.0
0.0
0.0
0.0
0.0
0.0
0.0
0.0
0.0
0.0
0.0
0.0
0.0
0.0
0.0
0.0
0.0
0.0
0.0
0.49561830467864026
0.15274965470668014
0.47789827888207803
0.09580749854810842
0.07492761147224691
0.1571532622130837
0.3559665216607632
0.16972726240038002
0.13021118936984166
0.231800775002312
0.486771857504972
0.0
0.0
0.0
0.0
0.0
0.0
0.0
0.0
0.0
0.0
0.0
0.0
0.0
0.0
0.0
0.0
0.0
0.0
0.0
0.0
0.0
0.0
0.0
0.0
0.0
0.14440962421671982
0.062059236770587896
0.17746342516071853
0.06955149865012114
0.10383547814347387
0.4080684897645699
0.7495116231401938
0.38324002846327704
0.07035787076497294
0.16382063710065736
0.14571928737589315
0.0
0.0
0.0
0.0
0.0
0.0
0.0
0.0
0.0
0.0
0.0
0.0
0.0
0.0
0.0
0.0
0.0
0.0
0.0
0.0
0.0
0.0
0.0
0.0
0.0
0.669694251174071
0.38867828180275055
0.1450931149819687
0.14691951706357098
0.19211173763950226
0.26777407588321434
0.24590055462611776
0.26607018217044465
0.21672280059883073
0.21552880857433376
0.15655576324556517
0.0
0.0
0.0
0.0
0.0
0.0
0.0
0.0
0.0
0.0
0.0
0.0
0.0
0.0
0.0
0.0
0.0
0.0
0.0
0.0
0.0
0.0
0.0
0.0
0.0
0.020731490360063633
0.038543268932167966
0.029815728871995045
0.027974310840116725
0.012461444515769861
0.16205197571440344
0.9756416998737842
0.12621582428208092
0.016820827262360977
0.03238071509712047
0.029297436204566346
0.0
0.0
0.0
0.0
0.0
0.0
0.0
0.0
0.0
0.0
0.0
0.0
0.0
0.0
0.0
0.0
0.0
0.0
0.0
0.0
0.0
0.0
0.0
0.0
0.0
0.26304213084294203
0.028554685071622808
0.1684005705714836
0.12674244031952264
0.12043948902496888
0.30691597267285514
0.8740376173617754
0.04673098362168354
0.010746707194311922
0.029995631677424934
0.09862663528605262
0.0
0.0
0.0
0.0
0.0
0.0
0.0
0.0
0.0
0.0
0.0
0.0
0.0
0.0
0.0
0.0
0.0
0.0
0.0
0.0
0.0
0.0
0.0
0.0
0.0
0.4858317733952252
0.01961956058196699
0.581654119677259
0.08936683628934015
0.1105079766845071
0.26100276961562463
0.2237948248531682
0.09199709066273437
0.05430660141957832
0.06278179307293202
0.5210583527377072
0.0
0.0
0.0
0.0
0.0
0.0
0.0
0.0
0.0
0.0
0.0
0.0
0.0
0.0
0.0
0.0
0.0
0.0
0.0
0.0
0.0
0.0
0.0
0.0
0.0
0.4586169346578744
0.19684701069647037
0.1397895965168459
0.14101479215276944
0.35111888753599796
0.41746323060682683
0.32745888126427003
0.48257798923512263
0.2431908844720285
0.09354365463510106
0.07702194755783433
0.0
0.0
0.0
0.0
0.0
0.0
0.0
0.0
0.0
0.0
0.0
0.0
0.0
0.0
0.0
0.0
0.0
0.0
0.0
0.0
0.0
0.0
0.0
0.0
0.0
0.655898689515993
0.17971243841276396
0.2241779347784465
0.20337372240479512
0.22607200980330863
0.20537915789373096
0.2479289172713003
0.2261333729594372
0.15109932514202057
0.24760320650958864
0.39477990669922536
0.0
0.0
0.0
0.0
0.0
0.0
0.0
0.0
0.0
0.0
0.0
0.0
0.0
0.0
0.0
0.0
0.0
0.0
0.0
0.0
0.0
0.0
0.0
0.0
0.0
0.32039584878231225
0.3001570098573551
0.48078927134863525
0.2015800927997008
0.24508753841517547
0.13835839399414787
0.22590603137724988
0.2353481001660085
0.26000244199335454
0.33441461072737655
0.4127854171474531
0.0
0.0
0.0
0.0
0.0
0.0
0.0
0.0
0.0
0.0
0.0
0.0
0.0
0.0
0.0
0.0
0.0
0.0
0.0
0.0
0.0
0.0
0.0
0.0
0.0
0.26028453307555555
0.24537315863778567
0.1709882675073979
0.1427014999763415
0.2495872597116557
0.26044659560140015
0.31979951357440667
0.19769606957678298
0.4518573341614693
0.48579161149787226
0.33285587680646317
0.0
0.0
0.0
0.0
0.0
0.0
0.0
0.0
0.0
0.0
0.0
0.0
0.0
0.0
0.0
0.0
0.0
0.0
0.0
0.0
0.0
0.0
0.0
0.0
0.0
0.16174073582734078
0.11254585645023724
0.49825763131587264
0.49233053712103386
0.33475915129783723
0.26682383979333685
0.17928408666336682
0.1657348674090538
0.11962904778483523
0.30122404226080046
0.3501525753841566
0.0
0.0
0.0
0.0
0.0
0.0
0.0
0.0
0.0
0.0
0.0
0.0
0.0
0.0
0.0
0.0
0.0
0.0
0.0
0.0
0.0
0.0
0.0
0.0
0.0
0.6124481248055783
0.12278161571404365
0.37801532046813174
0.09366852155965802
0.24495862942576369
0.24704215734102863
0.156921745653471
0.05180717823381
0.13758411121745626
0.23160627092504515
0.48708188923869855
0.0
0.0
0.0
0.0
0.0
0.0
0.0
0.0
0.0
0.0
0.0
0.0
0.0
0.0
0.0
0.0
0.0
0.0
0.0
0.0
0.0
0.0
0.0
0.0
0.0
0.3590213803036898
0.14070772625369068
0.414025291597764
0.11810572043091451
0.17512405042179263
0.38390889581605553
0.34767951106849776
0.4124101060511771
0.37901371970322917
0.10509929992204077
0.20548529654464248
0.0
0.0
0.0
0.0
0.0
0.0
0.0
0.0
0.0
0.0
0.0
0.0
0.0
0.0
0.0
0.0
0.0
0.0
0.0
0.0
0.0
0.0
0.0
0.0
0.0
0.23299217403361314
0.23592503126605258
0.35451128069097954
0.26337787949274377
0.2517461046918682
0.3252437786734777
0.22018321092175325
0.3151575924484244
0.3935036853274252
0.3315197829460026
0.3365899327432247
0.0
0.0
0.0
0.0
0.0
0.0
0.0
0.0
0.0
0.0
0.0
0.0
0.0
0.0
0.0
0.0
0.0
0.0
0.0
0.0
0.0
0.0
0.0
0.0
0.0
0.02824990507313919
0.026505192246434158
0.02498280234510174
0.01871344260963291
0.04466960416141029
0.28234082014730405
0.9402637034352443
0.15611745822527312
0.03430741702999693
0.048722974173264426
0.061595066414370576
0.0
0.0
0.0
0.0
0.0
0.0
0.0
0.0
0.0
0.0
0.0
0.0
0.0
0.0
0.0
0.0
0.0
0.0
0.0
0.0
0.0
0.0
0.0
0.0
0.0
0.12348945963768232
0.0929412258824579
0.014369237782141804
0.009516038962865434
0.008075373971854878
0.2936266801069442
0.9210304886136946
0.1657359008312869
0.1117441074449146
0.03579270363447952
0.0
0.0
0.0
0.0
0.0
0.0
0.0
0.0
0.0
0.0
0.0
0.0
0.0
0.0
0.0
0.0
0.0
0.0
0.0
0.0
0.0
0.0
0.0
0.0
0.0
0.0
0.8771362623373042
0.13476547334219163
0.15684258484216398
0.16798581976072452
0.13608723041486068
0.1379313660635113
0.0850305688964402
0.1475075269481392
0.25527665836810687
0.11588748523768348
0.12050670813486399
0.0
0.0
0.0
0.0
0.0
0.0
0.0
0.0
0.0
0.0
0.0
0.0
0.0
0.0
0.0
0.0
0.0
0.0
0.0
0.0
0.0
0.0
0.0
0.0
0.0
0.1625875930667556
0.16401260332820736
0.17939202933537055
0.06891467921491101
0.1159086636101145
0.4243212061993935
0.2050533356614801
0.38911986764507633
0.5682523591283262
0.33189856603127466
0.2995372420066825
0.0
0.0
0.0
0.0
0.0
0.0
0.0
0.0
0.0
0.0
0.0
0.0
0.0
0.0
0.0
0.0
0.0
0.0
0.0
0.0
0.0
0.0
0.0
0.0
0.0
0.13999690764228961
0.12700488235165128
0.07577855095390937
0.09172998299739904
0.18589450366994298
0.4219880944628824
0.8026014717587807
0.20859297745743557
0.12387001437090386
0.12030844153128224
0.14136857678812506
0.0
0.0
0.0
0.0
0.0
0.0
0.0
0.0
0.0
0.0
0.0
0.0
0.0
0.0
0.0
0.0
0.0
0.0
0.0
0.0
0.0
0.0
0.0
0.0
0.0
0.4766371678186156
0.19983924402296424
0.25706554209430343
0.19776699789230823
0.07877083820896967
0.4999904155972533
0.578673223849285
0.1341466959995977
0.08590283793683867
0.05305315205403855
0.09186717159650645
0.0
0.0
0.0
0.0
0.0
0.0
0.0
0.0
0.0
0.0
0.0
0.0
0.0
0.0
0.0
0.0
0.0
0.0
0.0
0.0
0.0
0.0
0.0
0.0
0.0
0.09293430998663556
0.07756009010258792
0.23250508441758921
0.2610057097348138
0.08539449576916276
0.3090151215294001
0.833622757658459
0.1873133429740505
0.11244343032779791
0.11475710834822875
0.06750242167763636
0.0
0.0
0.0
0.0
0.0
0.0
0.0
0.0
0.0
0.0
0.0
0.0
0.0
0.0
0.0
0.0
0.0
0.0
0.0
0.0
0.0
0.0
0.0
0.0
0.0
0.133348467383487
0.131762201810731
0.03291450004040451
0.042194468206420484
0.024918644159633387
0.13264339460332153
0.9471256480461544
0.18765838066283852
0.09906255828824238
0.028547802921903224
0.029781428366651975
0.0
0.0
0.0
0.0
0.0
0.0
0.0
0.0
0.0
0.0
0.0
0.0
0.0
0.0
0.0
0.0
0.0
0.0
0.0
0.0
0.0
0.0
0.0
0.0
0.0
0.31893454221219214
0.07902887905793461
0.31231054896454175
0.0621527777181604
0.10846256160079575
0.14564014419856314
0.7677391367113425
0.0500667602975484
0.0007501381327665536
0.01176514876374787
0.4069276648955238
0.0
0.0
0.0
0.0
0.0
0.0
0.0
0.0
0.0
0.0
0.0
0.0
0.0
0.0
0.0
0.0
0.0
0.0
0.0
0.0
0.0
0.0
0.0
0.0
0.0
0.20488910528507664
0.058447094608048714
0.11931378649197717
0.06113579535666628
0.05157417251674321
0.23238605964421022
0.9090109318321724
0.1840129390124542
0.0250973086543342
0.07751935301876822
0.11474793963348251
0.0
0.0
0.0
0.0
0.0
0.0
0.0
0.0
0.0
0.0
0.0
0.0
0.0
0.0
0.0
0.0
0.0
0.0
0.0
0.0
0.0
0.0
0.0
0.0
0.0
0.3171995589998538
0.2356577964531347
0.4051636530842083
0.27232530069088406
0.17774626861136048
0.19051306247641492
0.18248647360335038
0.043729622679804854
0.07785349406018656
0.18385789627967442
0.6801203857223768
0.0
0.0
0.0
0.0
0.0
0.0
0.0
0.0
0.0
0.0
0.0
0.0
0.0
0.0
0.0
0.0
0.0
0.0
0.0
0.0
0.0
0.0
0.0
0.0
0.0
0.019729547890234796
0.014778476691999358
0.008592699040666875
0.004723915480496726
0.02783468142370381
0.34085750112708857
0.9343003572416794
0.08129417385747062
0.031241334552338736
0.03976983950036291
0.015938154983691267
0.0
0.0
0.0
0.0
0.0
0.0
0.0
0.0
0.0
0.0
0.0
0.0
0.0
0.0
0.0
0.0
0.0
0.0
0.0
0.0
0.0
0.0
0.0
0.0
0.0
0.014949331607016798
0.009900206552220008
0.08845639397352645
0.04867174319209417
0.01333256773538033
0.196893533561971
0.953329005766441
0.08000923685538704
0.020144371608459596
0.0702130934665865
0.17310940134542913
0.0
0.0
0.0
0.0
0.0
0.0
0.0
0.0
0.0
0.0
0.0
0.0
0.0
0.0
0.0
0.0
0.0
0.0
0.0
0.0
0.0
0.0
0.0
0.0
0.0
0.13070990161256194
0.1399964811554614
0.5450407337293921
0.06420460448283201
0.0755016071622033
0.24285712287562744
0.367841893345049
0.013246454204674149
0.07858117541700976
0.05461848990905844
0.6729063023849731
0.0
0.0
0.0
0.0
0.0
0.0
0.0
0.0
0.0
0.0
0.0
0.0
0.0
0.0
0.0
0.0
0.0
0.0
0.0
0.0
0.0
0.0
0.0
0.0
0.0
0.09040781132925367
0.03473078117997112
0.3510213835909701
0.08397393630138272
0.07718333084134438
0.1969456544646307
0.8168180571720488
0.26590177064633347
0.05736701410842732
0.05635257198719543
0.2669187752266312
0.0
0.0
0.0
0.0
0.0
0.0
0.0
0.0
0.0
0.0
0.0
0.0
0.0
0.0
0.0
0.0
0.0
0.0
0.0
0.0
0.0
0.0
0.0
0.0
0.0
0.08239039668803858
0.09973362636532239
0.5176774499646043
0.16097107587093742
0.1273455453514768
0.18304499574387936
0.5916784498690851
0.209658100157425
0.16065463146326805
0.16691037013237658
0.4381006153608276
0.0
0.0
0.0
0.0
0.0
0.0
0.0
0.0
0.0
0.0
0.0
0.0
0.0
0.0
0.0
0.0
0.0
0.0
0.0
0.0
0.0
0.0
0.0
0.0
0.0
0.1207117604255633
0.09286659843699141
0.510280483916036
0.07080365939925438
0.05792759076749203
0.07437130373378367
0.16653801254523806
0.050588959970539304
0.03289405975665138
0.05009999116656618
0.8176993689449827
0.0
0.0
0.0
0.0
0.0
0.0
0.0
0.0
0.0
0.0
0.0
0.0
0.0
0.0
0.0
0.0
0.0
0.0
0.0
0.0
0.0
0.0
0.0
0.0
0.0
0.23304832587836133
0.261615542089153
0.6470564567820306
0.1655409009237539
0.21442801478415818
0.31749862649530536
0.4282025849967122
0.07041515758791288
0.0209269476080351
0.04876994785460624
0.30535715692303583
0.0
0.0
0.0
0.0
0.0
0.0
0.0
0.0
0.0
0.0
0.0
0.0
0.0
0.0
0.0
0.0
0.0
0.0
0.0
0.0
0.0
0.0
0.0
0.0
0.0
0.08738042311077072
0.11201660302556653
0.36466800096668
0.4160046402189614
0.2267673851702983
0.2968805178520712
0.43060031817112177
0.3067694895011521
0.3405552932355494
0.1715195083067673
0.33059316183997206
0.0
0.0
0.0
0.0
0.0
0.0
0.0
0.0
0.0
0.0
0.0
0.0
0.0
0.0
0.0
0.0
0.0
0.0
0.0
0.0
0.0
0.0
0.0
0.0
0.0
0.3015970718642463
0.06002069360185069
0.6426545318198634
0.1273174600250586
0.03719946769686767
0.08140615971496251
0.3467744847184129
0.12067241310868196
0.019853815402218568
0.1381904803446322
0.5602733431719363
0.0
0.0
0.0
0.0
0.0
0.0
0.0
0.0
0.0
0.0
0.0
0.0
0.0
0.0
0.0
0.0
0.0
0.0
0.0
0.0
0.0
0.0
0.0
0.0
0.0
0.18144686345139074
0.0929724773492047
0.44892723666951156
0.1592864823181344
0.13867048287747158
0.24165546144908354
0.7546250347477446
0.13694534601709285
0.13810183347001884
0.16915016277962083
0.13416995646054825
0.0
0.0
0.0
0.0
0.0
0.0
0.0
0.0
0.0
0.0
0.0
0.0
0.0
0.0
0.0
0.0
0.0
0.0
0.0
0.0
0.0
0.0
0.0
0.0
0.0
0.1224845642313775
0.08232635264883748
0.6437249412351507
0.06712407170177781
0.05763968201044483
0.07355849228590551
0.04609509035678719
0.06376257831487411
0.0757147030446242
0.046776586090268975
0.7324534718828
0.0
0.0
0.0
0.0
0.0
0.0
0.0
0.0
0.0
0.0
0.0
0.0
0.0
0.0
0.0
0.0
0.0
0.0
0.0
0.0
0.0
0.0
0.0
0.0
0.0
0.010347117866302996
0.005688423397098231
0.053507741267216274
0.06961334809184652
0.09641283180195699
0.38048014415137854
0.9125270336941366
0.058210962222520354
0.036292169488500316
0.026061759495036328
0.0006840569152442579
0.0
0.0
0.0
0.0
0.0
0.0
0.0
0.0
0.0
0.0
0.0
0.0
0.0
0.0
0.0
0.0
0.0
0.0
0.0
0.0
0.0
0.0
0.0
0.0
0.0
0.0893617554736593
0.0491699041553781
0.13334509224428018
0.2290446183175634
0.2515696925738634
0.5935022879303199
0.6474977570582449
0.2154983835260547
0.14754121948233118
0.072054439482602
0.10568357481001797
0.0
0.0
0.0
0.0
0.0
0.0
0.0
0.0
0.0
0.0
0.0
0.0
0.0
0.0
0.0
0.0
0.0
0.0
0.0
0.0
0.0
0.0
0.0
0.0
0.0
0.6173475324301545
0.07272218697659681
0.5768531383867819
0.31447915326614045
0.1491834817379216
0.09732194778821326
0.044661668594199976
0.030206129530466322
0.07050624111601478
0.1355109490733579
0.35209108426006797
0.0
0.0
0.0
0.0
0.0
0.0
0.0
0.0
0.0
0.0
0.0
0.0
0.0
0.0
0.0
0.0
0.0
0.0
0.0
0.0
0.0
0.0
0.0
0.0
0.0
0.3397306820318089
0.08127289101511681
0.6297093633079979
0.05265811450683397
0.016206282505640882
0.029914787111297775
0.013732140468507735
0.04349350345517513
0.08237906234881821
0.15538726593620392
0.6667096179576608
0.0
0.0
0.0
0.0
0.0
0.0
0.0
0.0
0.0
0.0
0.0
0.0
0.0
0.0
0.0
0.0
0.0
0.0
0.0
0.0
0.0
0.0
0.0
0.0
0.0
0.5224893750205153
0.16246733720763126
0.5861329540535035
0.08531936300732862
0.03184776784193201
0.007726666697344637
0.014476232958033498
0.03050921507418893
0.051920321646638054
0.09707545379948865
0.5791755045318645
0.0
0.0
0.0
0.0
0.0
0.0
0.0
0.0
0.0
0.0
0.0
0.0
0.0
0.0
0.0
0.0
0.0
0.0
0.0
0.0
0.0
0.0
0.0
0.0
0.0
0.5875467175990434
0.08152468884323961
0.4736101284436979
0.15561793735239035
0.03911552525685484
0.006611311544711592
0.0093833028532806
0.013518777278119398
0.013825952873199952
0.1653556004435374
0.6084742513191886
0.0
0.0
0.0
0.0
0.0
0.0
0.0
0.0
0.0
0.0
0.0
0.0
0.0
0.0
0.0
0.0
0.0
0.0
0.0
0.0
0.0
0.0
0.0
0.0
0.0
0.4404260855298461
0.11267723275883049
0.5283802443457362
0.0334857334432718
0.02336331418080055
0.10779451979761175
0.03183101794694817
0.04528913320562485
0.0623322905876065
0.059615566743379395
0.7002517939695541
0.0
0.0
0.0
0.0
0.0
0.0
0.0
0.0
0.0
0.0
0.0
0.0
0.0
0.0
0.0
0.0
0.0
0.0
0.0
0.0
0.0
0.0
0.0
0.0
0.0
0.17190714752413885
0.1961076125880911
0.7997514080897047
0.1272737581062415
0.02210774160712153
0.01384674173509098
0.036956254335620733
0.03235384363930927
0.03309915316940174
0.04722376929167984
0.5193940256838874
0.0
0.0
0.0
0.0
0.0
0.0
0.0
0.0
0.0
0.0
0.0
0.0
0.0
0.0
0.0
0.0
0.0
0.0
0.0
0.0
0.0
0.0
0.0
0.0
0.0
0.4913483046190356
0.09734190771916819
0.6425274728158403
0.028198529221444845
0.021898340947595376
0.0030425554853634957
0.01996772468627354
0.0050963399564744076
0.012541910246989842
0.05137375048954236
0.5759814643145962
0.0
0.0
0.0
0.0
0.0
0.0
0.0
0.0
0.0
0.0
0.0
0.0
0.0
0.0
0.0
0.0
0.0
0.0
0.0
0.0
0.0
0.0
0.0
0.0
0.0
0.2639646187350572
0.09365882071821793
0.6299754584628532
0.17388468543920851
0.058525057795479445
0.04506931865017833
0.007632390574650763
0.04211674698287839
0.06503220079392534
0.06161081053999997
0.692193733365593
0.0
0.0
0.0
0.0
0.0
0.0
0.0
0.0
0.0
0.0
0.0
0.0
0.0
0.0
0.0
0.0
0.0
0.0
0.0
0.0
0.0
0.0
0.0
0.0
0.0
0.3511631685232965
0.036617350351150435
0.46789487978112854
0.008377636939888114
0.004713812999543063
0.001406449488254191
0.0005186244109395841
0.0009585592754828592
0.0034363032866299753
0.06865369602466752
0.8072157526345726
0.0
0.0
0.0
0.0
0.0
0.0
0.0
0.0
0.0
0.0
0.0
0.0
0.0
0.0
0.0
0.0
0.0
0.0
0.0
0.0
0.0
0.0
0.0
0.0
0.0
0.09215381871951503
0.11989173358070748
0.28165228477757503
0.07491179397043402
0.05462023015310857
0.35099532209267703
0.7082916794640817
0.2603300433565083
0.13979243075858547
0.16325801876948146
0.3877742059281723
0.0
0.0
0.0
0.0
0.0
0.0
0.0
0.0
0.0
0.0
0.0
0.0
0.0
0.0
0.0
0.0
0.0
0.0
0.0
0.0
0.0
0.0
0.0
0.0
0.0
0.1895585043909672
0.32560144926473383
0.06845955766473451
0.07427942835394659
0.3167989688247309
0.5667212612827272
0.6027946231001232
0.21858143880203898
0.09931251002329737
0.018053776328625416
0.07060052397245964
0.0
0.0
0.0
0.0
0.0
0.0
0.0
0.0
0.0
0.0
0.0
0.0
0.0
0.0
0.0
0.0
0.0
0.0
0.0
0.0
0.0
0.0
0.0
0.0
0.0
0.809495893748836
0.44130744256757753
0.12460599793799285
0.1594427511335884
0.15603036430824266
0.23961119274955764
0.14345907555839416
0.06923204020431863
0.036343757787864125
0.016934988921157357
0.01659068772578001
0.0
0.0
0.0
0.0
0.0
0.0
0.0
0.0
0.0
0.0
0.0
0.0
0.0
0.0
0.0
0.0
0.0
0.0
0.0
0.0
0.0
0.0
0.0
0.0
0.0
0.9613073352071239
0.08038729401715604
0.12612606262254775
0.09958744378977905
0.087283978549855
0.10030490455409176
0.03148478236111491
0.05589604759510708
0.046542672468400804
0.08268131750953357
0.11315034481846323
0.0
0.0
0.0
0.0
0.0
0.0
0.0
0.0
0.0
0.0
0.0
0.0
0.0
0.0
0.0
0.0
0.0
0.0
0.0
0.0
0.0
0.0
0.0
0.0
0.0
0.2470516457787674
0.035961617414591814
0.4597818246799347
0.041356347567433824
0.01199196546140306
0.003214639665882249
0.00010581994456141206
0.0012464673941693497
0.007632729248211643
0.0775562964938995
0.8475456500369405
0.0
0.0
0.0
0.0
0.0
0.0
0.0
0.0
0.0
0.0
0.0
0.0
0.0
0.0
0.0
0.0
0.0
0.0
0.0
0.0
0.0
0.0
0.0
0.0
0.0
0.19661133967271502
0.06460218923209819
0.3385206889624078
0.006582859770410033
0.009772412857617848
0.0066880592720571595
0.00295623295263108
0.0014386864348030894
0.008992806529464542
0.04172955401178583
0.9168193288707799
0.0
0.0
0.0
0.0
0.0
0.0
0.0
0.0
0.0
0.0
0.0
0.0
0.0
0.0
0.0
0.0
0.0
0.0
0.0
0.0
0.0
0.0
0.0
0.0
0.0
0.21666678532608513
0.01373110803645516
0.32393551475051563
0.011240974057346387
0.001914981941401492
0.0015783133279696922
0.0005401838739810973
0.002120012794866462
0.007665536398432581
0.07032659200831451
0.9180364094744102
0.0
0.0
0.0
0.0
0.0
0.0
0.0
0.0
0.0
0.0
0.0
0.0
0.0
0.0
0.0
0.0
0.0
0.0
0.0
0.0
0.0
0.0
0.0
0.0
0.0
0.4737213578714393
0.07538879819606033
0.29218474736808936
0.03900104969681057
0.009960161785576216
0.001999362927820886
0.0007021282961438712
0.001535586398320286
0.027531713122810015
0.1399477024237535
0.8139792305735933
0.0
0.0
0.0
0.0
0.0
0.0
0.0
0.0
0.0
0.0
0.0
0.0
0.0
0.0
0.0
0.0
0.0
0.0
0.0
0.0
0.0
0.0
0.0
0.0
0.0
0.7910323347106353
0.03471594499717036
0.29495647811686443
0.10382174018514938
0.022617970214835432
0.002226628305604794
0.001949283446234844
0.0033371732618457956
0.055196715116187296
0.20427167892957723
0.4795615787707646
0.0
0.0
0.0
0.0
0.0
0.0
0.0
0.0
0.0
0.0
0.0
0.0
0.0
0.0
0.0
0.0
0.0
0.0
0.0
0.0
0.0
0.0
0.0
0.0
0.0
0.5684818019944731
0.15691131771850145
0.018994901275017226
0.02403502369748117
0.06072256900429715
0.24152943174106986
0.7568216875423573
0.11725458790568505
0.04933520263664225
0.013680725636400118
0.009811429977206756
0.0
0.0
0.0
0.0
0.0
0.0
0.0
0.0
0.0
0.0
0.0
0.0
0.0
0.0
0.0
0.0
0.0
0.0
0.0
0.0
0.0
0.0
0.0
0.0
0.0
0.9940848109791276
0.01779904417363177
0.05390791954643292
0.036899112895340966
0.033163716213423906
0.06098915765318308
0.0257657030774747
0.005128368368686609
0.004913395083292143
0.023328576929008773
0.033659014996004315
0.0
0.0
0.0
0.0
0.0
0.0
0.0
0.0
0.0
0.0
0.0
0.0
0.0
0.0
0.0
0.0
0.0
0.0
0.0
0.0
0.0
0.0
0.0
0.0
0.0
0.23872834892582667
0.06349520261749812
0.0016710384236548353
0.009698931496065282
0.048221239730852516
0.32002241212479354
0.899629090139047
0.15387076672579025
0.027148638112907
0.019192826595615484
0.005149269605896751
0.0
0.0
0.0
0.0
0.0
0.0
0.0
0.0
0.0
0.0
0.0
0.0
0.0
0.0
0.0
0.0
0.0
0.0
0.0
0.0
0.0
0.0
0.0
0.0
0.0
0.0642718609363663
0.0697357279604058
0.024384410866947877
0.0013011672542502966
0.05632123144475259
0.26559683882904456
0.8516681255926996
0.39567626889999086
0.18012230301596321
0.0355896531104034
0.03297011263445801
0.0
0.0
0.0
0.0
0.0
0.0
0.0
0.0
0.0
0.0
0.0
0.0
0.0
0.0
0.0
0.0
0.0
0.0
0.0
0.0
0.0
0.0
0.0
0.0
0.0
0.3721584251750629
0.47620471044246077
0.25318318598750356
0.306253683421151
0.33517833505804684
0.26094910395448606
0.17417187981022683
0.18062469058167313
0.21235222276417215
0.3125148359866742
0.3011230198969761
0.0
0.0
0.0
0.0
0.0
0.0
0.0
0.0
0.0
0.0
0.0
0.0
0.0
0.0
0.0
0.0
0.0
0.0
0.0
0.0
0.0
0.0
0.0
0.0
0.0
0.42112106591082404
0.33251153336636896
0.2576645629887305
0.3172466871993188
0.5221231741101121
0.32223817854162756
0.10368800924761837
0.1532257054788748
0.18233504502484726
0.2288114917362163
0.22085402495023415
0.0
0.0
0.0
0.0
0.0
0.0
0.0
0.0
0.0
0.0
0.0
0.0
0.0
0.0
0.0
0.0
0.0
0.0
0.0
0.0
0.0
0.0
0.0
0.0
0.0
0.451667948305095
0.04062652252115094
0.6834016808225836
0.023466936770099412
0.003050553294504278
0.0012075009326664632
0.0018668961850300983
0.0033787390224729857
0.0033553338218062973
0.012855428962943205
0.571449744279994
0.0
0.0
0.0
0.0
0.0
0.0
0.0
0.0
0.0
0.0
0.0
0.0
0.0
0.0
0.0
0.0
0.0
0.0
0.0
0.0
0.0
0.0
0.0
0.0
0.0
0.38465318442855423
0.007479950431082894
0.5976122695497467
0.010713154429755357
0.006754521460693053
0.0030116708805823407
0.002308388403548973
0.0029108916020060063
0.004025687598345425
0.022892647445879655
0.7029381242470557
0.0
0.0
0.0
0.0
0.0
0.0
0.0
0.0
0.0
0.0
0.0
0.0
0.0
0.0
0.0
0.0
0.0
0.0
0.0
0.0
0.0
0.0
0.0
0.0
0.0
0.3541634100405728
0.012289920441090112
0.6312606763645003
0.004053483950339001
0.002885577281286179
0.0
0.0
0.0018935739764828615
0.0014049721468229685
0.010210357649319502
0.6897772300235572
0.0
0.0
0.0
0.0
0.0
0.0
0.0
0.0
0.0
0.0
0.0
0.0
0.0
0.0
0.0
0.0
0.0
0.0
0.0
0.0
0.0
0.0
0.0
0.0
0.0
0.3245760420056468
0.043324665160255474
0.5931710334422703
0.03306423193027449
0.0026078198276256724
0.0043886020922829505
0.0007131580489006325
0.006720307847662379
0.0006113550404224773
0.07365719629052925
0.7309793157071378
0.0
0.0
0.0
0.0
0.0
0.0
0.0
0.0
0.0
0.0
0.0
0.0
0.0
0.0
0.0
0.0
0.0
0.0
0.0
0.0
0.0
0.0
0.0
0.0
0.0
0.12631150419195675
0.04446039040857039
0.428997583141374
0.010536380160424862
0.0
0.0
9.844338206127035e-05
0.0011595778699346917
0.004620799535663072
0.10585113336595127
0.8869563503410507
0.0
0.0
0.0
0.0
0.0
0.0
0.0
0.0
0.0
0.0
0.0
0.0
0.0
0.0
0.0
0.0
0.0
0.0
0.0
0.0
0.0
0.0
0.0
0.0
0.0
0.05291391452944194
0.06695413528231021
0.22208047899049094
0.3235748117584214
0.16842185377890245
0.6166227537042345
0.6321964125732851
0.10197843829140259
0.05070138615609387
0.07956923149283414
0.10551551138631719
0.0
0.0
0.0
0.0
0.0
0.0
0.0
0.0
0.0
0.0
0.0
0.0
0.0
0.0
0.0
0.0
0.0
0.0
0.0
0.0
0.0
0.0
0.0
0.0
0.0
0.58651769621304
0.40146202765326905
0.06630554545020378
0.07804066836759997
0.21386323276801075
0.38064154460757416
0.3609173176024623
0.294791391300478
0.23332080082089865
0.13080564912737555
0.0707177829401577
0.0
0.0
0.0
0.0
0.0
0.0
0.0
0.0
0.0
0.0
0.0
0.0
0.0
0.0
0.0
0.0
0.0
0.0
0.0
0.0
0.0
0.0
0.0
0.0
0.0
0.0013636995280339806
0.00791509525836621
0.005104180886274479
0.009362692267043117
0.022805236272163933
0.26060612455300197
0.9577061765059564
0.11837104197947103
0.004059953833078538
0.004310703465443307
0.01175833658387325
0.0
0.0
0.0
0.0
0.0
0.0
0.0
0.0
0.0
0.0
0.0
0.0
0.0
0.0
0.0
0.0
0.0
0.0
0.0
0.0
0.0
0.0
0.0
0.0
0.0
0.014076054037626361
0.0007511069544699467
0.10019934204193282
0.11789865741689988
0.12018665755270472
0.27885184193683965
0.7386290427022831
0.5087912516124876
0.22066704350078778
0.17401504892646677
0.015541389529825707
0.0
0.0
0.0
0.0
0.0
0.0
0.0
0.0
0.0
0.0
0.0
0.0
0.0
0.0
0.0
0.0
0.0
0.0
0.0
0.0
0.0
0.0
0.0
0.0
0.0
0.34269957617192365
0.4145338763321318
0.25653494815806616
0.28865939781283073
0.38334442765591625
0.3843032072900864
0.19372055619667974
0.2914673820340092
0.20065383188132216
0.2298589440006481
0.22663704435851323
0.0
0.0
0.0
0.0
0.0
0.0
0.0
0.0
0.0
0.0
0.0
0.0
0.0
0.0
0.0
0.0
0.0
0.0
0.0
0.0
0.0
0.0
0.0
0.0
0.0
0.3044732283208386
0.3748793466406654
0.3170424807787771
0.3911320285594824
0.35736625978087677
0.35959949826258636
0.230188296063314
0.24120410924065933
0.25864140782590533
0.1438758067613331
0.2397440050590584
0.0
0.0
0.0
0.0
0.0
0.0
0.0
0.0
0.0
0.0
0.0
0.0
0.0
0.0
0.0
0.0
0.0
0.0
0.0
0.0
0.0
0.0
0.0
0.0
0.0
0.8215959035386097
0.02821230860261606
0.4439751893869067
0.031509114808942584
0.010405860638233063
0.012396234319123957
0.005932048436172415
0.02379277600774706
0.03655617309609899
0.026300869072687964
0.3509788033052312
0.0
0.0
0.0
0.0
0.0
0.0
0.0
0.0
0.0
0.0
0.0
0.0
0.0
0.0
0.0
0.0
0.0
0.0
0.0
0.0
0.0
0.0
0.0
0.0
0.0
0.8022986409343199
0.014382484559073686
0.3844437819676135
0.010145321208991628
0.014494152325616697
0.008186929435984074
0.010458319226817203
0.024476197649217938
0.028107222081030562
0.02188538088549077
0.4538232398958858
0.0
0.0
0.0
0.0
0.0
0.0
0.0
0.0
0.0
0.0
0.0
0.0
0.0
0.0
0.0
0.0
0.0
0.0
0.0
0.0
0.0
0.0
0.0
0.0
0.0
0.7441664455114488
0.004778480358753921
0.3213956943260587
0.010105749095265973
0.0023424186788715815
0.003898609319387747
0.013990998484968249
0.016826701419791975
0.012494034078345153
0.019498828767230025
0.5846026614669118
0.0
0.0
0.0
0.0
0.0
0.0
0.0
0.0
0.0
0.0
0.0
0.0
0.0
0.0
0.0
0.0
0.0
0.0
0.0
0.0
0.0
0.0
0.0
0.0
0.0
0.5650409071021141
0.0314962170254648
0.618941081129889
0.025281053115152677
0.01122750829049585
0.013908455571459885
0.0035866326772503597
0.007675104250735521
0.017292482204750506
0.026547688114721604
0.5427840133371673
0.0
0.0
0.0
0.0
0.0
0.0
0.0
0.0
0.0
0.0
0.0
0.0
0.0
0.0
0.0
0.0
0.0
0.0
0.0
0.0
0.0
0.0
0.0
0.0
0.0
0.6069879334331398
0.014907905943457568
0.4370769963942661
0.012458897777991178
0.007670355281236848
0.014400071490551144
0.041448003822041724
0.05222841772915656
0.018855950218987054
0.042168557245980946
0.65825998129068
0.0
0.0
0.0
0.0
0.0
0.0
0.0
0.0
0.0
0.0
0.0
0.0
0.0
0.0
0.0
0.0
0.0
0.0
0.0
0.0
0.0
0.0
0.0
0.0
0.0
0.07714957167336418
0.11240816052328739
0.012858561425393381
0.004013494082220373
0.010189096633562844
0.08397294592522583
0.9646298624798106
0.1929092837871369
0.05890641419723632
0.05356161837534653
0.0034711681740928826
0.0
0.0
0.0
0.0
0.0
0.0
0.0
0.0
0.0
0.0
0.0
0.0
0.0
0.0
0.0
0.0
0.0
0.0
0.0
0.0
0.0
0.0
0.0
0.0
0.0
0.021253148568196056
0.02501464859260611
0.3276251297702599
0.36015412406985364
0.5193349981346124
0.485642062532128
0.3273061794270749
0.24501737257635955
0.16399258322949886
0.14606326191435962
0.20230028994435037
0.0
0.0
0.0
0.0
0.0
0.0
0.0
0.0
0.0
0.0
0.0
0.0
0.0
0.0
0.0
0.0
0.0
0.0
0.0
0.0
0.0
0.0
0.0
0.0
0.0
0.005298643795577509
0.009719399134947068
0.0019744743714881653
0.006048881352598087
0.017729527574538433
0.28880075567070146
0.9546201033805539
0.06799752946219499
0.010216958450459475
0.003335713385663855
0.008833940270679899
0.0
0.0
0.0
0.0
0.0
0.0
0.0
0.0
0.0
0.0
0.0
0.0
0.0
0.0
0.0
0.0
0.0
0.0
0.0
0.0
0.0
0.0
0.0
0.0
0.0
0.19548310142523226
0.230013438572096
0.2411754833919809
0.04353987413528566
0.23504852065358078
0.2766958687530919
0.3416556404505135
0.5597082389243021
0.17059363971417238
0.3851426579231164
0.3310158359104139
0.0
0.0
0.0
0.0
0.0
0.0
0.0
0.0
0.0
0.0
0.0
0.0
0.0
0.0
0.0
0.0
0.0
0.0
0.0
0.0
0.0
0.0
0.0
0.0
0.0
0.03881051694896476
0.04367054287040061
0.36742323971934443
0.03071132090021184
0.05096260515328407
0.04116130268040607
0.02772477409432224
0.009287352401978512
0.02464456281309118
0.0833803524389985
0.920835278167375
0.0
0.0
0.0
0.0
0.0
0.0
0.0
0.0
0.0
0.0
0.0
0.0
0.0
0.0
0.0
0.0
0.0
0.0
0.0
0.0
0.0
0.0
0.0
0.0
0.0
0.05559983560039423
0.0685929419695976
0.6178129313672913
0.06781171420874864
0.0500710885296566
0.04775527301485833
0.010227063481571977
0.009680820980145695
0.015137218677916594
0.015308400920316056
0.7748954420997557
0.0
0.0
0.0
0.0
0.0
0.0
0.0
0.0
0.0
0.0
0.0
0.0
0.0
0.0
0.0
0.0
0.0
0.0
0.0
0.0
0.0
0.0
0.0
0.0
0.0
0.5143313395126728
0.0365023217827135
0.12252215234804187
0.011648020221410744
0.010575814218535885
0.017420478130728258
0.007055648799949438
0.008610668074623665
0.02915267175666071
0.35521730001838786
0.7690351385445421
0.0
0.0
0.0
0.0
0.0
0.0
0.0
0.0
0.0
0.0
0.0
0.0
0.0
0.0
0.0
0.0
0.0
0.0
0.0
0.0
0.0
0.0
0.0
0.0
0.0
0.7023251141556681
0.01853408537337514
0.15435883704807105
0.05964717166755151
0.04359123817956624
0.02260429065419986
0.03538927710945559
0.045402496732921974
0.06426262235964683
0.19710306215936843
0.655978083972148
0.0
0.0
0.0
0.0
0.0
0.0
0.0
0.0
0.0
0.0
0.0
0.0
0.0
0.0
0.0
0.0
0.0
0.0
0.0
0.0
0.0
0.0
0.0
0.0
0.0
0.9529374454164846
0.029963521281939888
0.16595749655843528
0.108025455075199
0.02440482020162788
0.03181747466920646
0.02654666155172104
0.05653004445400258
0.03082435848853412
0.13276920530109873
0.1664779320087709
0.0
0.0
0.0
0.0
0.0
0.0
0.0
0.0
0.0
0.0
0.0
0.0
0.0
0.0
0.0
0.0
0.0
0.0
0.0
0.0
0.0
0.0
0.0
0.0
0.0
0.9763866548615249
0.0398811512679352
0.05892956452241415
0.09732862934035821
0.06526435736134108
0.013309462284533785
0.02557954711696675
0.026782928704654145
0.04228042543138573
0.13412100782088182
0.08092430151347337
0.0
0.0
0.0
0.0
0.0
0.0
0.0
0.0
0.0
0.0
0.0
0.0
0.0
0.0
0.0
0.0
0.0
0.0
0.0
0.0
0.0
0.0
0.0
0.0
0.0
0.9421631905610172
0.026856400538629966
0.0521455025654188
0.10665299161846431
0.08035410803776785
0.19474929190867515
0.17332464316193225
0.10265889876431472
0.04308668865051213
0.0884002368901032
0.0536453783819612
0.0
0.0
0.0
0.0
0.0
0.0
0.0
0.0
0.0
0.0
0.0
0.0
0.0
0.0
0.0
0.0
0.0
0.0
0.0
0.0
0.0
0.0
0.0
0.0
0.0
0.014611696600754724
0.004560693525367246
0.31292980081275296
0.12712933195378967
0.04748082255241088
0.21872239103295338
0.7836937197228869
0.3164199438673373
0.24033870905924176
0.09760677144554548
0.2323739532595548
0.0
0.0
0.0
0.0
0.0
0.0
0.0
0.0
0.0
0.0
0.0
0.0
0.0
0.0
0.0
0.0
0.0
0.0
0.0
0.0
0.0
0.0
0.0
0.0
0.0
0.06941985090010794
0.07631235617219052
0.027168846746165154
0.15023835884405343
0.13126385519845218
0.4045756499655304
0.7850209138289417
0.2239582814367326
0.12619182643964885
0.11976427204980163
0.29741038444458867
0.0
0.0
0.0
0.0
0.0
0.0
0.0
0.0
0.0
0.0
0.0
0.0
0.0
0.0
0.0
0.0
0.0
0.0
0.0
0.0
0.0
0.0
0.0
0.0
0.0
0.0029161149368765404
0.008933634955418808
0.0761086476232544
0.04789999753695967
0.18915171756051352
0.7034801028598363
0.608090446858156
0.2561794544907733
0.1332037979442762
0.08635207574853045
0.023670357434920863
0.0
0.0
0.0
0.0
0.0
0.0
0.0
0.0
0.0
0.0
0.0
0.0
0.0
0.0
0.0
0.0
0.0
0.0
0.0
0.0
0.0
0.0
0.0
0.0
0.0
0.5703893059939463
0.10297347906928718
0.3371767843722191
0.32082251802793094
0.103918789379059
0.09276410992785727
0.1485398411688184
0.2195894175107278
0.2274843059028492
0.3946977348634237
0.38757441519074187
0.0
0.0
0.0
0.0
0.0
0.0
0.0
0.0
0.0
0.0
0.0
0.0
0.0
0.0
0.0
0.0
0.0
0.0
0.0
0.0
0.0
0.0
0.0
0.0
0.0
0.845719860500894
0.07069006861777416
0.2612565987615012
0.15755167828870117
0.08368383729171476
0.02598996330077449
0.028002753698001853
0.13005186315629938
0.26983002972910014
0.19296701046481513
0.22641261849215907
0.0
0.0
0.0
0.0
0.0
0.0
0.0
0.0
0.0
0.0
0.0
0.0
0.0
0.0
0.0
0.0
0.0
0.0
0.0
0.0
0.0
0.0
0.0
0.0
0.0
0.8751937517780721
0.09606206921165002
0.21025043680377195
0.09414148435860617
0.11663689434119982
0.10351871347256132
0.17098682756038425
0.17803726375076123
0.11435733838448865
0.1936798351454969
0.18946392645042295
0.0
0.0
0.0
0.0
0.0
0.0
0.0
0.0
0.0
0.0
0.0
0.0
0.0
0.0
0.0
0.0
0.0
0.0
0.0
0.0
0.0
0.0
0.0
0.0
0.0
0.12142501400719742
0.011543716719269032
0.13347145702020144
0.05304389236756761
0.05401461082810212
0.018893551265208485
0.011825125768578129
0.006281791443078155
0.02482890255609043
0.5029409395299368
0.8411150469455203
0.0
0.0
0.0
0.0
0.0
0.0
0.0
0.0
0.0
0.0
0.0
0.0
0.0
0.0
0.0
0.0
0.0
0.0
0.0
0.0
0.0
0.0
0.0
0.0
0.0
0.045584432799629725
0.017614686276242957
0.050025020847272894
0.003126290220895843
0.0039061184368753034
0.0020366512120011497
0.0
0.0010587873020736459
0.026838523091107482
0.2357686288579039
0.9689023823364297
0.0
0.0
0.0
0.0
0.0
0.0
0.0
0.0
0.0
0.0
0.0
0.0
0.0
0.0
0.0
0.0
0.0
0.0
0.0
0.0
0.0
0.0
0.0
0.0
0.0
0.03796423225980062
0.024711769889837264
0.07112735799773258
0.008503000840641662
0.0013369678114169424
0.0
0.0018121181310571009
0.001002826229516955
0.004821503250890062
0.2546280499706776
0.9633025878600334
0.0
0.0
0.0
0.0
0.0
0.0
0.0
0.0
0.0
0.0
0.0
0.0
0.0
0.0
0.0
0.0
0.0
0.0
0.0
0.0
0.0
0.0
0.0
0.0
0.0
0.03074276793778196
0.05077504797061498
0.2544753803178187
0.012259007635019336
0.00621652832026102
0.0
0.002111598548889268
0.005189890771244982
0.020881849696349097
0.2883914534690958
0.9208110843963854
0.0
0.0
0.0
0.0
0.0
0.0
0.0
0.0
0.0
0.0
0.0
0.0
0.0
0.0
0.0
0.0
0.0
0.0
0.0
0.0
0.0
0.0
0.0
0.0
0.0
0.028906121152258785
0.05912157607660426
0.5220098715677706
0.11785149064055386
0.025452480010974193
0.01942671383934609
0.01667828529375539
0.02435874602729659
0.031079610800042297
0.15083912050285406
0.8268438023003647
0.0
0.0
0.0
0.0
0.0
0.0
0.0
0.0
0.0
0.0
0.0
0.0
0.0
0.0
0.0
0.0
0.0
0.0
0.0
0.0
0.0
0.0
0.0
0.0
0.0
0.4516424256297005
0.1834820451844707
0.2994042589498596
0.13544460003083209
0.1639098883937384
0.26059264584074643
0.11917757368589618
0.0785657428575191
0.08451755716944054
0.4747573868314229
0.5537839525397854
0.0
0.0
0.0
0.0
0.0
0.0
0.0
0.0
0.0
0.0
0.0
0.0
0.0
0.0
0.0
0.0
0.0
0.0
0.0
0.0
0.0
0.0
0.0
0.0
0.0
0.03600722438824266
0.19911284233596405
0.31765064806442334
0.11206614228265652
0.19349237395466937
0.3904872406026409
0.4545640504894293
0.5375734029626568
0.18620740166247998
0.08374874578996003
0.3440589034879263
0.0
0.0
0.0
0.0
0.0
0.0
0.0
0.0
0.0
0.0
0.0
0.0
0.0
0.0
0.0
0.0
0.0
0.0
0.0
0.0
0.0
0.0
0.0
0.0
0.0
0.11714852661995871
0.07372899547935145
0.10961225587900111
0.25078411896094294
0.37581734716976084
0.7275976536439043
0.10052128621313478
0.19339740309687908
0.2886775132087639
0.25081669968341463
0.20382567299928422
0.0
0.0
0.0
0.0
0.0
0.0
0.0
0.0
0.0
0.0
0.0
0.0
0.0
0.0
0.0
0.0
0.0
0.0
0.0
0.0
0.0
0.0
0.0
0.0
0.0
0.32260833319377075
0.30696068824763045
0.5883650216552518
0.37417455379358944
0.17112437614147238
0.03615817445124617
0.020370103983687483
0.04950090575553972
0.1269097775041465
0.2835857856862213
0.4307386305460168
0.0
0.0
0.0
0.0
0.0
0.0
0.0
0.0
0.0
0.0
0.0
0.0
0.0
0.0
0.0
0.0
0.0
0.0
0.0
0.0
0.0
0.0
0.0
0.0
0.0
0.29367833873775623
0.1771037185836221
0.5241962002857972
0.34976499841160097
0.08778123045200374
0.07599602236256221
0.07420244177310702
0.12038176151693798
0.2001678569094812
0.2522206652654991
0.5900075847646652
0.0
0.0
0.0
0.0
0.0
0.0
0.0
0.0
0.0
0.0
0.0
0.0
0.0
0.0
0.0
0.0
0.0
0.0
0.0
0.0
0.0
0.0
0.0
0.0
0.0
0.5236404654655992
0.234464629127841
0.3724074006284157
0.22316154803467378
0.1666663273551449
0.047774033237203604
0.09602958716486962
0.17830260615907464
0.12008642022901457
0.3265692893855614
0.5386992473149413
0.0
0.0
0.0
0.0
0.0
0.0
0.0
0.0
0.0
0.0
0.0
0.0
0.0
0.0
0.0
0.0
0.0
0.0
0.0
0.0
0.0
0.0
0.0
0.0
0.0
0.7178397800821457
0.28528208863467064
0.3853798063297709
0.10709074016070222
0.04361519092119687
0.018244205747429992
0.004989345228523599
0.009089658565036962
0.015696590639206733
0.09454850325471352
0.4814620488412676
0.0
0.0
0.0
0.0
0.0
0.0
0.0
0.0
0.0
0.0
0.0
0.0
0.0
0.0
0.0
0.0
0.0
0.0
0.0
0.0
0.0
0.0
0.0
0.0
0.0
0.29352590916563065
0.018343764057703497
0.14348690286585367
0.04060975049665511
0.01260885204146518
0.01122649317453334
0.010243497215370049
0.018390729504549303
0.025116065535842124
0.440717580260479
0.8340728002248274
0.0
0.0
0.0
0.0
0.0
0.0
0.0
0.0
0.0
0.0
0.0
0.0
0.0
0.0
0.0
0.0
0.0
0.0
0.0
0.0
0.0
0.0
0.0
0.0
0.0
0.12558659041965173
0.015013391667741412
0.05098507672237832
0.01365054181147058
0.0022585267045494325
0.003371163479250959
0.0048609667888251246
0.00782836955849626
0.007450223990286786
0.20880310131890062
0.9682257856642852
0.0
0.0
0.0
0.0
0.0
0.0
0.0
0.0
0.0
0.0
0.0
0.0
0.0
0.0
0.0
0.0
0.0
0.0
0.0
0.0
0.0
0.0
0.0
0.0
0.0
0.30018740255981996
0.014461122546791915
0.1040894757668352
0.025633619883631425
0.004609968158014195
0.0073197233742703805
0.014499011002156182
0.013063643592759185
0.03261831835265421
0.25287766191738625
0.9125348875499009
0.0
0.0
0.0
0.0
0.0
0.0
0.0
0.0
0.0
0.0
0.0
0.0
0.0
0.0
0.0
0.0
0.0
0.0
0.0
0.0
0.0
0.0
0.0
0.0
0.0
0.3362152042069676
0.07590558177148415
0.08975237447506201
0.003212932880622381
0.006059100624157602
0.0018776146003693485
0.005852542961428717
0.018527481871648835
0.007045861197144457
0.25687491851419697
0.8981535178086911
0.0
0.0
0.0
0.0
0.0
0.0
0.0
0.0
0.0
0.0
0.0
0.0
0.0
0.0
0.0
0.0
0.0
0.0
0.0
0.0
0.0
0.0
0.0
0.0
0.0
0.13286443607435663
0.06010525857425091
0.17096536081829136
0.01700495569283727
0.027917030143035548
0.007624778690601693
0.012427891175307171
0.008479568717894357
0.048954312484187655
0.29854350789856693
0.9255417182356211
0.0
0.0
0.0
0.0
0.0
0.0
0.0
0.0
0.0
0.0
0.0
0.0
0.0
0.0
0.0
0.0
0.0
0.0
0.0
0.0
0.0
0.0
0.0
0.0
0.0
0.13420515806524547
0.04734715458775309
0.11986518755125583
0.003493270567514862
0.005530178481438053
0.004016264523425389
0.008046330025727346
0.005890498957391513
0.037904006146233314
0.2464459174192826
0.9502888496772948
0.0
0.0
0.0
0.0
0.0
0.0
0.0
0.0
0.0
0.0
0.0
0.0
0.0
0.0
0.0
0.0
0.0
0.0
0.0
0.0
0.0
0.0
0.0
0.0
0.0
0.03491612445069318
0.07988531426233723
0.23647442533126722
0.058583913968360685
0.007050979599038046
0.0
0.0033766683843479087
0.006465386105430178
0.023725195189718398
0.23837309305875734
0.9357133301420797
0.0
0.0
0.0
0.0
0.0
0.0
0.0
0.0
0.0
0.0
0.0
0.0
0.0
0.0
0.0
0.0
0.0
0.0
0.0
0.0
0.0
0.0
0.0
0.0
0.0
0.13227173065124928
0.08411906550239646
0.1839962153909537
0.004025758718131086
0.0
0.0007065251348226985
0.005993823255960719
0.005526891038494395
0.021727122911224417
0.263598746341163
0.9335598639165583
0.0
0.0
0.0
0.0
0.0
0.0
0.0
0.0
0.0
0.0
0.0
0.0
0.0
0.0
0.0
0.0
0.0
0.0
0.0
0.0
0.0
0.0
0.0
0.0
0.0
0.16325407792877059
0.10892975240246307
0.1922395146995621
0.008326196493128893
0.007326350054861987
0.020802084216612223
0.004720647040643093
0.004614546479176565
0.05758265044181215
0.3996913488237331
0.8722718279895256
0.0
0.0
0.0
0.0
0.0
0.0
0.0
0.0
0.0
0.0
0.0
0.0
0.0
0.0
0.0
0.0
0.0
0.0
0.0
0.0
0.0
0.0
0.0
0.0
0.0
0.16567084788679012
0.09927665995961958
0.47217432168536694
0.14452644363472508
0.04328858325632426
0.01541043590260365
0.033132228405339845
0.0256776137116176
0.046364080765716534
0.2848007727839438
0.7948152341490067
0.0
0.0
0.0
0.0
0.0
0.0
0.0
0.0
0.0
0.0
0.0
0.0
0.0
0.0
0.0
0.0
0.0
0.0
0.0
0.0
0.0
0.0
0.0
0.0
0.0
0.6894388722354414
0.1915837776411006
0.3021567915445149
0.45773246423849173
0.11382629673407467
0.1609184054368349
0.03520443357801617
0.07495246286073498
0.1513919996673988
0.18223414489981613
0.2920869016261144
0.0
0.0
0.0
0.0
0.0
0.0
0.0
0.0
0.0
0.0
0.0
0.0
0.0
0.0
0.0
0.0
0.0
0.0
0.0
0.0
0.0
0.0
0.0
0.0
0.0
0.48510187221100376
0.13729382684053468
0.36214767074889315
0.2556821904976584
0.05181306876005482
0.07781978620993164
0.11497926471477996
0.07569985275236414
0.09304200491702144
0.33863770422107126
0.631093288731594
0.0
0.0
0.0
0.0
0.0
0.0
0.0
0.0
0.0
0.0
0.0
0.0
0.0
0.0
0.0
0.0
0.0
0.0
0.0
0.0
0.0
0.0
0.0
0.0
0.0
0.3514424490172562
0.0940938045608552
0.675520002811922
0.27956235300053683
0.0335266430591158
0.018769291254282595
0.053824349693636996
0.05618934057650927
0.12973422014224956
0.20155723074179105
0.5178467608416764
0.0
0.0
0.0
0.0
0.0
0.0
0.0
0.0
0.0
0.0
0.0
0.0
0.0
0.0
0.0
0.0
0.0
0.0
0.0
0.0
0.0
0.0
0.0
0.0
0.0
0.5946669521203524
0.14644580055486847
0.44583467864929105
0.09388519772164128
0.03867302219523239
0.05117898451226942
0.009007372088764308
0.03213215178008333
0.08036556940285117
0.21229685184015973
0.6004871151324689
0.0
0.0
0.0
0.0
0.0
0.0
0.0
0.0
0.0
0.0
0.0
0.0
0.0
0.0
0.0
0.0
0.0
0.0
0.0
0.0
0.0
0.0
0.0
0.0
0.0
0.7357913710069073
0.026339674053338525
0.42728824123848025
0.1311168514526572
0.054617819794206345
0.03947839184968698
0.05191048511148273
0.06112389090310905
0.08453733981841216
0.2580043874311421
0.41649142387804405
0.0
0.0
0.0
0.0
0.0
0.0
0.0
0.0
0.0
0.0
0.0
0.0
0.0
0.0
0.0
0.0
0.0
0.0
0.0
0.0
0.0
0.0
0.0
0.0
0.0
0.6785953451416261
0.06749603382970412
0.10298952206292232
0.03445506426643116
0.005615299050773295
0.0070288024182336845
0.007017694014412278
0.019251938644076785
0.0870709737584794
0.42851917593039734
0.5757150253658557
0.0
0.0
0.0
0.0
0.0
0.0
0.0
0.0
0.0
0.0
0.0
0.0
0.0
0.0
0.0
0.0
0.0
0.0
0.0
0.0
0.0
0.0
0.0
0.0
0.0
0.1817663222964117
0.005297275687921976
0.08311383746597224
0.008645069063000098
0.009797157098763765
0.00179602990770269
0.004611663879240112
0.009546771333951013
0.011312132626170819
0.16297360790017285
0.9659452967108761
0.0
0.0
0.0
0.0
0.0
0.0
0.0
0.0
0.0
0.0
0.0
0.0
0.0
0.0
0.0
0.0
0.0
0.0
0.0
0.0
0.0
0.0
0.0
0.0
0.0
0.27612616638435616
0.068407192673006
0.04831264796638644
0.006095647918012074
0.036247476054649785
0.032386029496583445
0.019693858618579065
0.01780016585167444
0.022209354375047393
0.3508647803061382
0.8888401146842214
0.0
0.0
0.0
0.0
0.0
0.0
0.0
0.0
0.0
0.0
0.0
0.0
0.0
0.0
0.0
0.0
0.0
0.0
0.0
0.0
0.0
0.0
0.0
0.0
0.0
0.15047506545441564
0.0032923302543332797
0.02349585446581485
0.0
0.0024065486517483273
0.0030800778986604356
0.001833552923493869
0.004470021887946407
0.0026826090341777378
0.29337138487860187
0.9437593829127269
0.0
0.0
0.0
0.0
0.0
0.0
0.0
0.0
0.0
0.0
0.0
0.0
0.0
0.0
0.0
0.0
0.0
0.0
0.0
0.0
0.0
0.0
0.0
0.0
0.0
0.09958252193423832
0.0043130760405923705
0.07299868447168652
0.004816123742446424
0.0029326581555798007
0.0
0.0
0.01176990775568266
0.10267012580614131
0.35569604198015914
0.9206002148011648
0.0
0.0
0.0
0.0
0.0
0.0
0.0
0.0
0.0
0.0
0.0
0.0
0.0
0.0
0.0
0.0
0.0
0.0
0.0
0.0
0.0
0.0
0.0
0.0
0.0
0.14022752053063814
0.04292182762008213
0.21157924428081742
0.009319933320205255
0.014916307184787495
0.00382647790888876
0.0028555078854303226
0.005395809361305932
0.026134832423231193
0.19869287632240556
0.9450952470665694
0.0
0.0
0.0
0.0
0.0
0.0
0.0
0.0
0.0
0.0
0.0
0.0
0.0
0.0
0.0
0.0
0.0
0.0
0.0
0.0
0.0
0.0
0.0
0.0
0.0
0.24988415476375841
0.37854548742558003
0.4726247254045978
0.20929102999405394
0.12744004835110156
0.2220057589955966
0.10365097800902452
0.054374172327733936
0.034033197146979
0.2976122536638746
0.5984358328171515
0.0
0.0
0.0
0.0
0.0
0.0
0.0
0.0
0.0
0.0
0.0
0.0
0.0
0.0
0.0
0.0
0.0
0.0
0.0
0.0
0.0
0.0
0.0
0.0
0.0
0.2461280406722972
0.17377043031052564
0.7331711742913396
0.07352031765622463
0.06643279379279032
0.08113547521746031
0.047671659470971
0.07812580258407696
0.07969119381920356
0.27708573530692304
0.5135950900910052
0.0
0.0
0.0
0.0
0.0
0.0
0.0
0.0
0.0
0.0
0.0
0.0
0.0
0.0
0.0
0.0
0.0
0.0
0.0
0.0
0.0
0.0
0.0
0.0
0.0
0.6030405266948636
0.24956689349795189
0.5365028883850945
0.10518824668497631
0.05321043411620291
0.03780980454514912
0.030024787545165504
0.04266941589234492
0.050217952421574834
0.23655201078845053
0.45792660684369146
0.0
0.0
0.0
0.0
0.0
0.0
0.0
0.0
0.0
0.0
0.0
0.0
0.0
0.0
0.0
0.0
0.0
0.0
0.0
0.0
0.0
0.0
0.0
0.0
0.0
0.5341599492183476
0.11248499690351797
0.49441631666789104
0.2226617241478391
0.046319443561571375
0.06440752198000657
0.048613064855357796
0.02784273756263149
0.06066290159091597
0.22482255871588994
0.5868024353636192
0.0
0.0
0.0
0.0
0.0
0.0
0.0
0.0
0.0
0.0
0.0
0.0
0.0
0.0
0.0
0.0
0.0
0.0
0.0
0.0
0.0
0.0
0.0
0.0
0.0
0.5852091600875053
0.1795761621932918
0.5126430907555751
0.24617104880311094
0.0791325120533572
0.04479738194542731
0.038458885724456666
0.14078838834710786
0.11768318511221172
0.23032759843265532
0.45322198359949495
0.0
0.0
0.0
0.0
0.0
0.0
0.0
0.0
0.0
0.0
0.0
0.0
0.0
0.0
0.0
0.0
0.0
0.0
0.0
0.0
0.0
0.0
0.0
0.0
0.0
0.33896655258596975
0.11340099574774949
0.5778579753039161
0.291571983178492
0.08814245995274536
0.009333716954267888
0.007907656531778386
0.08859205995872917
0.11501539576965718
0.19174997962869486
0.6225302705929299
0.0
0.0
0.0
0.0
0.0
0.0
0.0
0.0
0.0
0.0
0.0
0.0
0.0
0.0
0.0
0.0
0.0
0.0
0.0
0.0
0.0
0.0
0.0
0.0
0.0
0.5816534464884627
0.06050056607822363
0.3214880320101886
0.14023809040854074
0.11459047390934674
0.10482843092409153
0.06077710545731354
0.05889042940661641
0.04978202063445848
0.2819096844837365
0.6494339360679261
0.0
0.0
0.0
0.0
0.0
0.0
0.0
0.0
0.0
0.0
0.0
0.0
0.0
0.0
0.0
0.0
0.0
0.0
0.0
0.0
0.0
0.0
0.0
0.0
0.0
0.5682177110233128
0.0716925122710451
0.381764869941915
0.16921598636892385
0.1869910208004459
0.09690186720980869
0.07288041043565154
0.09542271625515963
0.16283645098875885
0.20863570460224454
0.6072833941926181
0.0
0.0
0.0
0.0
0.0
0.0
0.0
0.0
0.0
0.0
0.0
0.0
0.0
0.0
0.0
0.0
0.0
0.0
0.0
0.0
0.0
0.0
0.0
0.0
0.0
0.41577540259723794
0.0
0.3364300016087979
0.23446698948755046
0.095992971062188
0.12616585980023595
0.049182979622833564
0.26267178657583296
0.3681514721388952
0.42413961211683326
0.4969839784425665
0.0
0.0
0.0
0.0
0.0
0.0
0.0
0.0
0.0
0.0
0.0
0.0
0.0
0.0
0.0
0.0
0.0
0.0
0.0
0.0
0.0
0.0
0.0
0.0
0.0
0.3616640703388993
0.023860963092075634
0.19076639753303828
0.07740486397541103
0.022642768161603006
0.020149871109081657
0.009770504421586414
0.0124109375350796
0.03508577792682871
0.3748340431521643
0.8266478362458948
0.0
0.0
0.0
0.0
0.0
0.0
0.0
0.0
0.0
0.0
0.0
0.0
0.0
0.0
0.0
0.0
0.0
0.0
0.0
0.0
0.0
0.0
0.0
0.0
0.0
0.29263731478877986
0.012890490606042004
0.06152128466195983
0.015159843436290614
0.0013600723310166127
0.0
0.0011655412113092476
0.012324340115133276
0.014863438909728303
0.2520564257108721
0.9199315663270716
0.0
0.0
0.0
0.0
0.0
0.0
0.0
0.0
0.0
0.0
0.0
0.0
0.0
0.0
0.0
0.0
0.0
0.0
0.0
0.0
0.0
0.0
0.0
0.0
0.0
0.49502024559600544
0.21920837294326126
0.5985076000301072
0.23462568069257214
0.08382167063161826
0.13394025716145513
0.09305587292626577
0.21335487405541673
0.1769027081283093
0.22910822690743965
0.3615400086330172
0.0
0.0
0.0
0.0
0.0
0.0
0.0
0.0
0.0
0.0
0.0
0.0
0.0
0.0
0.0
0.0
0.0
0.0
0.0
0.0
0.0
0.0
0.0
0.0
0.0
0.6831253133619304
0.06850186122759351
0.4318155327632931
0.10012893564229573
0.03357238935231968
0.05316567380238085
0.0023970067082106873
0.050836909510917655
0.10210149640914587
0.32282606562523014
0.4593164788470979
0.0
0.0
0.0
0.0
0.0
0.0
0.0
0.0
0.0
0.0
0.0
0.0
0.0
0.0
0.0
0.0
0.0
0.0
0.0
0.0
0.0
0.0
0.0
0.0
0.0
0.4179653413573202
0.08194744592112359
0.5495262255248455
0.16381217246421279
0.033935397318951115
0.025441237249469655
0.013133820425431693
0.006205542171507503
0.02385529106109412
0.21304032009448673
0.6646886207164039
0.0
0.0
0.0
0.0
0.0
0.0
0.0
0.0
0.0
0.0
0.0
0.0
0.0
0.0
0.0
0.0
0.0
0.0
0.0
0.0
0.0
0.0
0.0
0.0
0.0
0.5359966650872952
0.24138754641060114
0.5653961723044907
0.1777731764925542
0.07568232426695629
0.032762264346244296
0.013623481133891596
0.025940902538716712
0.04603311512239606
0.13735807926921006
0.5239441707411931
0.0
0.0
0.0
0.0
0.0
0.0
0.0
0.0
0.0
0.0
0.0
0.0
0.0
0.0
0.0
0.0
0.0
0.0
0.0
0.0
0.0
0.0
0.0
0.0
0.0
0.46013050353555246
0.22095452115564992
0.5448012342047837
0.08394174675051512
0.025694331040646768
0.060524377225842
0.0005401648910770745
0.020523192158681383
0.04592562991125272
0.20176190965478982
0.6229305690905097
0.0
0.0
0.0
0.0
0.0
0.0
0.0
0.0
0.0
0.0
0.0
0.0
0.0
0.0
0.0
0.0
0.0
0.0
0.0
0.0
0.0
0.0
0.0
0.0
0.0
0.5082908005916439
0.2564702108367434
0.3920550923035734
0.07008766356168242
0.09456160199975851
0.0785759573313065
0.07211043370016457
0.06155169429637759
0.05402084677310467
0.31088021098803625
0.6273552870344214
0.0
0.0
0.0
0.0
0.0
0.0
0.0
0.0
0.0
0.0
0.0
0.0
0.0
0.0
0.0
0.0
0.0
0.0
0.0
0.0
0.0
0.0
0.0
0.0
0.0
0.32761454171486354
0.14291056943203911
0.6631513562866416
0.20217172195851688
0.09478485279421682
0.03466101843632181
0.04184089429366338
0.037168171661443504
0.09832637525283111
0.12367923292789848
0.594407131544432
0.0
0.0
0.0
0.0
0.0
0.0
0.0
0.0
0.0
0.0
0.0
0.0
0.0
0.0
0.0
0.0
0.0
0.0
0.0
0.0
0.0
0.0
0.0
0.0
0.0
0.23778571957279024
0.10539771532167444
0.5788009346156501
0.23563912743791232
0.0174177580933604
0.011464260496384599
0.02593421317790053
0.03672290079598039
0.07906980938334983
0.348818475577034
0.6414285827736473
0.0
0.0
0.0
0.0
0.0
0.0
0.0
0.0
0.0
0.0
0.0
0.0
0.0
0.0
0.0
0.0
0.0
0.0
0.0
0.0
0.0
0.0
0.0
0.0
0.0
0.26926966314880346
0.18766116867377425
0.5028792301272499
0.19483123885660286
0.24007418536811947
0.15336776087708082
0.059755103999742556
0.07760336825500283
0.19363939747857498
0.3588042527031459
0.5868930522361491
0.0
0.0
0.0
0.0
0.0
0.0
0.0
0.0
0.0
0.0
0.0
0.0
0.0
0.0
0.0
0.0
0.0
0.0
0.0
0.0
0.0
0.0
0.0
0.0
0.0
0.3459199595978243
0.14035955894387547
0.5354620954631225
0.12749871232891413
0.02317775266304462
0.029935843103402734
0.021969594816036015
0.0607778952127875
0.05765839133181738
0.18555205624152443
0.7171464036105194
0.0
0.0
0.0
0.0
0.0
0.0
0.0
0.0
0.0
0.0
0.0
0.0
0.0
0.0
0.0
0.0
0.0
0.0
0.0
0.0
0.0
0.0
0.0
0.0
0.0
0.40389527418401405
0.0995263534389964
0.582805089023282
0.33876604551437456
0.07912100698959953
0.0
0.029597753651771187
0.04271040436072108
0.20836835640612866
0.29916712481577334
0.480270993447668
0.0
0.0
0.0
0.0
0.0
0.0
0.0
0.0
0.0
0.0
0.0
0.0
0.0
0.0
0.0
0.0
0.0
0.0
0.0
0.0
0.0
0.0
0.0
0.0
0.0
0.6317113624592244
0.2476421492572056
0.515791061365067
0.21348496144655946
0.2445414406137675
0.057214874296469376
0.01703445740865108
0.09924608884190804
0.13974640204628752
0.1278751476781927
0.34482277406922807
0.0
0.0
0.0
0.0
0.0
0.0
0.0
0.0
0.0
0.0
0.0
0.0
0.0
0.0
0.0
0.0
0.0
0.0
0.0
0.0
0.0
0.0
0.0
0.0
0.0
0.5570704670349
0.12917291924405427
0.25358003509452365
0.1367981831482397
0.0896524148781002
0.03569456243757895
0.044997776821621184
0.08437587393356795
0.21431776234228886
0.37877114976220516
0.618154383734899
0.0
0.0
0.0
0.0
0.0
0.0
0.0
0.0
0.0
0.0
0.0
0.0
0.0
0.0
0.0
0.0
0.0
0.0
0.0
0.0
0.0
0.0
0.0
0.0
0.0
0.642762052447877
0.19160550179107413
0.5046733388514697
0.15692834269243494
0.06759325486081665
0.07778159459137247
0.04783484487824568
0.07141846118672264
0.038254176836370946
0.2658359433867209
0.4250680740120354
0.0
0.0
0.0
0.0
0.0
0.0
0.0
0.0
0.0
0.0
0.0
0.0
0.0
0.0
0.0
0.0
0.0
0.0
0.0
0.0
0.0
0.0
0.0
0.0
0.0
0.6059822925337881
0.1905343585947656
0.5316227290516754
0.17597967429572878
0.07148858538777822
0.06874206916518548
0.011517826713429716
0.08869248011107646
0.07367022042334379
0.1837574793431923
0.47524870189690677
0.0
0.0
0.0
0.0
0.0
0.0
0.0
0.0
0.0
0.0
0.0
0.0
0.0
0.0
0.0
0.0
0.0
0.0
0.0
0.0
0.0
0.0
0.0
0.0
0.0
0.4439839126887024
0.06840804098877835
0.6170623694322769
0.19204208935523429
0.15413066038561116
0.13596172717944904
0.06960623139598718
0.10276619160424366
0.1476393337855355
0.2072879823058148
0.508073856387869
0.0
0.0
0.0
0.0
0.0
0.0
0.0
0.0
0.0
0.0
0.0
0.0
0.0
0.0
0.0
0.0
0.0
0.0
0.0
0.0
0.0
0.0
0.0
0.0
0.0
0.2732228248115849
0.04884402676738889
0.5821217555949592
0.21081710903072137
0.07066308615360198
0.012377006280422712
0.02225036800896027
0.08382153638439249
0.09141009016568441
0.2694505905619537
0.6678524844965547
0.0
0.0
0.0
0.0
0.0
0.0
0.0
0.0
0.0
0.0
0.0
0.0
0.0
0.0
0.0
0.0
0.0
0.0
0.0
0.0
0.0
0.0
0.0
0.0
0.0
0.7161244968622854
0.21832138514807586
0.3132624098738624
0.3016917138170832
0.18412556396972693
0.08708469971933291
0.12177617320202853
0.07144268894589671
0.06807882237634835
0.26588139427404395
0.3370506577381338
0.0
0.0
0.0
0.0
0.0
0.0
0.0
0.0
0.0
0.0
0.0
0.0
0.0
0.0
0.0
0.0
0.0
0.0
0.0
0.0
0.0
0.0
0.0
0.0
0.0
0.6026460162224497
0.24534684193433628
0.4324856649346218
0.15773363861087283
0.06667853818151427
0.03852273316631746
0.01471491770485663
0.018775746025007322
0.16827228559730087
0.28669097841465513
0.4976872412366187
0.0
0.0
0.0
0.0
0.0
0.0
0.0
0.0
0.0
0.0
0.0
0.0
0.0
0.0
0.0
0.0
0.0
0.0
0.0
0.0
0.0
0.0
0.0
0.0
0.0
0.370989334962425
0.14373294302694997
0.6074998744055329
0.20399881799424016
0.1529046458816383
0.06499385945295469
0.02809557271917711
0.06407779554993243
0.08109685099745545
0.19831667687885912
0.5938270607924914
0.0
0.0
0.0
0.0
0.0
0.0
0.0
0.0
0.0
0.0
0.0
0.0
0.0
0.0
0.0
0.0
0.0
0.0
0.0
0.0
0.0
0.0
0.0
0.0
0.0
0.5045798238258262
0.12014534427371779
0.6548135635123353
0.143454457294678
0.04064207999250671
0.0396729853233667
0.025589895666188404
0.0596113053102807
0.09184826426444595
0.17994645460352565
0.48306667063197045
0.0
0.0
0.0
0.0
0.0
0.0
0.0
0.0
0.0
0.0
0.0
0.0
0.0
0.0
0.0
0.0
0.0
0.0
0.0
0.0
0.0
0.0
0.0
0.0
0.0
0.4296145198617799
0.24972124425515765
0.39308228774102555
0.1763456478900767
0.08002485587638354
0.007828184524089109
0.02872744516548974
0.06725781712150788
0.07508205188159166
0.4610119991950896
0.5809265667955203
0.0
0.0
0.0
0.0
0.0
0.0
0.0
0.0
0.0
0.0
0.0
0.0
0.0
0.0
0.0
0.0
0.0
0.0
0.0
0.0
0.0
0.0
0.0
0.0
0.0
0.4421926626059171
0.18302272101912234
0.6285138961868582
0.21582071779568684
0.16788157511506732
0.07088344752167267
0.03561844503176385
0.13537262537537176
0.10309131638080138
0.17266229365378685
0.4859185506978793
0.0
0.0
0.0
0.0
0.0
0.0
0.0
0.0
0.0
0.0
0.0
0.0
0.0
0.0
0.0
0.0
0.0
0.0
0.0
0.0
0.0
0.0
0.0
0.0
0.0
0.19199073664414837
0.10357275936341591
0.489948830866472
0.13208079699368475
0.09452363935090995
0.20986026056814117
0.09597061980349494
0.1262974928758574
0.13405106270118256
0.28268114909583164
0.7203480154475724
0.0
0.0
0.0
0.0
0.0
0.0
0.0
0.0
0.0
0.0
0.0
0.0
0.0
0.0
0.0
0.0
0.0
0.0
0.0
0.0
0.0
0.0
0.0
0.0
0.0
0.6413294775474889
0.19942161450488818
0.2773855851615973
0.08921239962186216
0.07931089834718699
0.1510393008768967
0.07545192208334608
0.1637994242406213
0.13590639434025398
0.29446001420291734
0.5451810019384343
0.0
0.0
0.0
0.0
0.0
0.0
0.0
0.0
0.0
0.0
0.0
0.0
0.0
0.0
0.0
0.0
0.0
0.0
0.0
0.0
0.0
0.0
0.0
0.0
0.0
0.5157176526198812
0.17071471849688868
0.4486375502106685
0.20162367362798078
0.07455681073474983
0.016024075848353653
0.02385515453237738
0.0676244611127401
0.10411195174515629
0.31747012203579134
0.5834207987247331
0.0
0.0
0.0
0.0
0.0
0.0
0.0
0.0
0.0
0.0
0.0
0.0
0.0
0.0
0.0
0.0
0.0
0.0
0.0
0.0
0.0
0.0
0.0
0.0
0.0
0.5992969159823224
0.18651312669622247
0.4648571530826813
0.28961051399897586
0.1453827944829824
0.02277532288243245
0.010685416885464361
0.007861335305803728
0.0907461405594579
0.16086743885450125
0.5001455703815234
0.0
0.0
0.0
0.0
0.0
0.0
0.0
0.0
0.0
0.0
0.0
0.0
0.0
0.0
0.0
0.0
0.0
0.0
0.0
0.0
0.0
0.0
0.0
0.0
0.0
0.5443324361835195
0.197131595658324
0.33798914212133657
0.1784991245741021
0.14248778898836503
0.08755894933531673
0.14269139491433597
0.15608186243843003
0.3153030530150841
0.13178135465771107
0.5738193731355542
0.0
0.0
0.0
0.0
0.0
0.0
0.0
0.0
0.0
0.0
0.0
0.0
0.0
0.0
0.0
0.0
0.0
0.0
0.0
0.0
0.0
0.0
0.0
0.0
0.0
0.18280181103408816
0.1760498225176367
0.5876871937285948
0.14479123995974974
0.048228807208452316
0.02195336947973879
0.02183546790205756
0.016781778249295307
0.03928460517602838
0.26261276383669035
0.7036860728213522
0.0
0.0
0.0
0.0
0.0
0.0
0.0
0.0
0.0
0.0
0.0
0.0
0.0
0.0
0.0
0.0
0.0
0.0
0.0
0.0
0.0
0.0
0.0
0.0
0.0
0.4718865302089472
0.17210369141961882
0.5747062398448205
0.10743859854570462
0.10625742297808208
0.11708867559553642
0.03602859576751711
0.08155641021441071
0.18839366366329363
0.16567872501390885
0.5567599027872344
0.0
0.0
0.0
0.0
0.0
0.0
0.0
0.0
0.0
0.0
0.0
0.0
0.0
0.0
0.0
0.0
0.0
0.0
0.0
0.0
0.0
0.0
0.0
0.0
0.0
0.7172340779644186
0.2408476286075056
0.2785896479525794
0.21004224376812589
0.11123517635893236
0.1889245563398679
0.08402203412046892
0.04148375544662449
0.09844003448567956
0.2500778043676323
0.4204307979070843
0.0
0.0
0.0
0.0
0.0
0.0
0.0
0.0
0.0
0.0
0.0
0.0
0.0
0.0
0.0
0.0
0.0
0.0
0.0
0.0
0.0
0.0
0.0
0.0
0.0
0.74483675156623
0.16317644887490423
0.2556343400946498
0.17846422147501265
0.1582806005850592
0.10884576040492801
0.048097153800629275
0.09207907741561727
0.20606326364202318
0.3275888550668776
0.35202940004859895
0.0
0.0
0.0
0.0
0.0
0.0
0.0
0.0
0.0
0.0
0.0
0.0
0.0
0.0
0.0
0.0
0.0
0.0
0.0
0.0
0.0
0.0
0.0
0.0
0.0
0.49883312436487537
0.223787876606413
0.4256715318083933
0.23720205848862602
0.09312533711358625
0.0683717752287987
0.06855453014201028
0.09847082686969758
0.11350111115883578
0.237120938619147
0.6056164905311433
0.0
0.0
0.0
0.0
0.0
0.0
0.0
0.0
0.0
0.0
0.0
0.0
0.0
0.0
0.0
0.0
0.0
0.0
0.0
0.0
0.0
0.0
0.0
0.0
0.0
0.5899510727478668
0.2025789163250681
0.581789738770283
0.25338849565431315
0.04841207251241406
0.0409013205338746
0.06539498136813965
0.06319245261115833
0.16773381086445213
0.210233947302806
0.3515893971790199
0.0
0.0
0.0
0.0
0.0
0.0
0.0
0.0
0.0
0.0
0.0
0.0
0.0
0.0
0.0
0.0
0.0
0.0
0.0
0.0
0.0
0.0
0.0
0.0
0.0
0.4109735696140181
0.11079058301243858
0.5492319145349661
0.1467608275497796
0.02969651250595675
0.010154783626257819
0.0007855421623257829
0.03350120718667829
0.08088593766272185
0.2896253110295177
0.6349003301323338
0.0
0.0
0.0
0.0
0.0
0.0
0.0
0.0
0.0
0.0
0.0
0.0
0.0
0.0
0.0
0.0
0.0
0.0
0.0
0.0
0.0
0.0
0.0
0.0
0.0
0.24135997328512118
0.07762588808243252
0.5388021665056503
0.34245311824086805
0.057052316778781795
0.030247420722726234
0.013200393811376832
0.02214536546570869
0.024771552512622905
0.3335403065677625
0.6414361738578133
0.0
0.0
0.0
0.0
0.0
0.0
0.0
0.0
0.0
0.0
0.0
0.0
0.0
0.0
0.0
0.0
0.0
0.0
0.0
0.0
0.0
0.0
0.0
0.0
0.0
0.5908179176257231
0.26552141910768506
0.441000635798912
0.16269165036723157
0.09725121546805783
0.10369505407138252
0.019369476066075943
0.16572382047896034
0.20801301107013873
0.32035902897929036
0.4068575742001976
0.0
0.0
0.0
0.0
0.0
0.0
0.0
0.0
0.0
0.0
0.0
0.0
0.0
0.0
0.0
0.0
0.0
0.0
0.0
0.0
0.0
0.0
0.0
0.0
0.0
0.5008408257913095
0.31202869102305447
0.6835331711732157
0.14279467408806887
0.1025756687516375
0.06536694832599792
0.021647609263575222
0.021122959905106934
0.018766094842713178
0.09385807719828812
0.3732529156092447
0.0
0.0
0.0
0.0
0.0
0.0
0.0
0.0
0.0
0.0
0.0
0.0
0.0
0.0
0.0
0.0
0.0
0.0
0.0
0.0
0.0
0.0
0.0
0.0
0.0
0.49522950216570283
0.26154104254660304
0.37481599282630923
0.1829342094056246
0.05967406956759831
0.06400082975533582
0.055056798268423086
0.08983368622664521
0.1926244185388508
0.35691257873647825
0.5737097448332154
0.0
0.0
0.0
0.0
0.0
0.0
0.0
0.0
0.0
0.0
0.0
0.0
0.0
0.0
0.0
0.0
0.0
0.0
0.0
0.0
0.0
0.0
0.0
0.0
0.0
0.6104547518207588
0.1504005896311371
0.46558455160972395
0.06510427000416753
0.06683384028793926
0.01887786081123391
0.0014418436507556373
0.03618443306913238
0.0735250276783626
0.1970554517004495
0.5773610735593427
0.0
0.0
0.0
0.0
0.0
0.0
0.0
0.0
0.0
0.0
0.0
0.0
0.0
0.0
0.0
0.0
0.0
0.0
0.0
0.0
0.0
0.0
0.0
0.0
0.0
0.6024906929288584
0.112632769921874
0.40822000925054075
0.2175797526691374
0.07399317427912998
0.07398058146791289
0.026180447243946456
0.06665131584095542
0.09133043993524971
0.3313312420606507
0.5254871341242142
0.0
0.0
0.0
0.0
0.0
0.0
0.0
0.0
0.0
0.0
0.0
0.0
0.0
0.0
0.0
0.0
0.0
0.0
0.0
0.0
0.0
0.0
0.0
0.0
0.0
0.3845595557997912
0.2899380955332948
0.33490183951660313
0.2513283203363015
0.11113105414578785
0.04238873521729586
0.04646794229945251
0.12534012862897162
0.18935483839811446
0.5217885124815484
0.5025831691663489
0.0
0.0
0.0
0.0
0.0
0.0
0.0
0.0
0.0
0.0
0.0
0.0
0.0
0.0
0.0
0.0
0.0
0.0
0.0
0.0
0.0
0.0
0.0
0.0
0.0
0.30126500050927446
0.2103200366337723
0.5866122966780742
0.23648172926781313
0.10087781905065128
0.05365936027673063
0.05635259327718355
0.035139941434967834
0.0842694296909562
0.24294588812023862
0.6175574093614976
0.0
0.0
0.0
0.0
0.0
0.0
0.0
0.0
0.0
0.0
0.0
0.0
0.0
0.0
0.0
0.0
0.0
0.0
0.0
0.0
0.0
0.0
0.0
0.0
0.0
0.38661191865840966
0.21543640128438535
0.5554678817667065
0.23868467716707534
0.07110617855583992
0.010465672036099272
0.08461930022030793
0.0578439441644358
0.10531606815416769
0.3450497895380246
0.5410920811897086
0.0
0.0
0.0
0.0
0.0
0.0
0.0
0.0
0.0
0.0
0.0
0.0
0.0
0.0
0.0
0.0
0.0
0.0
0.0
0.0
0.0
0.0
0.0
0.0
0.0
0.4478873000588907
0.19506959580358824
0.7296486322777036
0.19769708377030348
0.025983072366013757
0.013698516045241645
0.010885170325150753
0.00894191211621684
0.05541587220804645
0.09515544841925502
0.4203413652613874
0.0
0.0
0.0
0.0
0.0
0.0
0.0
0.0
0.0
0.0
0.0
0.0
0.0
0.0
0.0
0.0
0.0
0.0
0.0
0.0
0.0
0.0
0.0
0.0
0.0
0.6023842095587771
0.1609637072394447
0.4186027863880306
0.08685655759620575
0.057492949270321524
0.04049197553054344
0.05924319081885051
0.1214353698176883
0.07915116927761817
0.1419140427669889
0.6155044658854127
0.0
0.0
0.0
0.0
0.0
0.0
0.0
0.0
0.0
0.0
0.0
0.0
0.0
0.0
0.0
0.0
0.0
0.0
0.0
0.0
0.0
0.0
0.0
0.0
0.0
0.6226698013261864
0.39575790216563317
0.3082579740614419
0.22643565281472003
0.15846051495381103
0.08197234559516223
0.1238541746883121
0.13796852718121955
0.19430713112923934
0.35596054792305665
0.28052517488513623
0.0
0.0
0.0
0.0
0.0
0.0
0.0
0.0
0.0
0.0
0.0
0.0
0.0
0.0
0.0
0.0
0.0
0.0
0.0
0.0
0.0
0.0
0.0
0.0
0.0
0.306533176977096
0.11308461803999387
0.6370237500535115
0.24747997015604895
0.11106960617885638
0.05409212561187482
0.0
0.028997867836194503
0.1003163831170529
0.18018355652053306
0.6062762606628611
0.0
0.0
0.0
0.0
0.0
0.0
0.0
0.0
0.0
0.0
0.0
0.0
0.0
0.0
0.0
0.0
0.0
0.0
0.0
0.0
0.0
0.0
0.0
0.0
0.0
0.5289235904690475
0.11049569341146029
0.3481443707782104
0.08816923569364003
0.05505413146088576
0.02846815544419474
0.0074439878549833385
0.0
0.0325139502167079
0.16713964126212422
0.7390281437774048
0.0
0.0
0.0
0.0
0.0
0.0
0.0
0.0
0.0
0.0
0.0
0.0
0.0
0.0
0.0
0.0
0.0
0.0
0.0
0.0
0.0
0.0
0.0
0.0
0.0
0.25163850025508844
0.12281570418878478
0.7122949915397128
0.27598277548327615
0.0685599380387009
0.04289788363590119
0.010036214961211758
0.036749900368337376
0.04443515170346366
0.25777703879645836
0.5115156516747559
0.0
0.0
0.0
0.0
0.0
0.0
0.0
0.0
0.0
0.0
0.0
0.0
0.0
0.0
0.0
0.0
0.0
0.0
0.0
0.0
0.0
0.0
0.0
0.0
0.0
0.4399049519079157
0.06151340431327387
0.610491980358873
0.11665994373695973
0.07748443708602307
0.01259275972634835
0.014969281476945248
0.04956071896823674
0.0777940330083828
0.22295859109320912
0.593114263078246
0.0
0.0
0.0
0.0
0.0
0.0
0.0
0.0
0.0
0.0
0.0
0.0
0.0
0.0
0.0
0.0
0.0
0.0
0.0
0.0
0.0
0.0
0.0
0.0
0.0
0.38189262198728735
0.2035473527882987
0.5393034913809897
0.4226178954374788
0.14141354150684018
0.04253252030994631
0.015249430087863577
0.03336173534759966
0.04838234001482607
0.17982855718216845
0.5342666401455929
0.0
0.0
0.0
0.0
0.0
0.0
0.0
0.0
0.0
0.0
0.0
0.0
0.0
0.0
0.0
0.0
0.0
0.0
0.0
0.0
0.0
0.0
0.0
0.0
0.0
0.1898528465017918
0.14247576869459222
0.6455354548588196
0.2897944179229467
0.06467365702202134
0.032814995867160815
0.006701485426399467
0.036259093118878045
0.04846277788240586
0.18393250139102096
0.6325826272953161
0.0
0.0
0.0
0.0
0.0
0.0
0.0
0.0
0.0
0.0
0.0
0.0
0.0
0.0
0.0
0.0
0.0
0.0
0.0
0.0
0.0
0.0
0.0
0.0
0.0
0.12119120032944437
0.048855956119987304
0.4500455727547352
0.2320887310504191
0.12742928684757276
0.07671561108476006
0.21471554922043767
0.06853093608882851
0.06850537572186358
0.3943553430507373
0.702415620820954
0.0
0.0
0.0
0.0
0.0
0.0
0.0
0.0
0.0
0.0
0.0
0.0
0.0
0.0
0.0
0.0
0.0
0.0
0.0
0.0
0.0
0.0
0.0
0.0
0.0
0.12366538571907262
0.05313904482328951
0.34864351480591893
0.08097567035081482
0.151218674857226
0.112827940115564
0.24846978254109275
0.059573649194649164
0.42503809134020415
0.6506217654723602
0.3859069961506995
0.0
0.0
0.0
0.0
0.0
0.0
0.0
0.0
0.0
0.0
0.0
0.0
0.0
0.0
0.0
0.0
0.0
0.0
0.0
0.0
0.0
0.0
0.0
0.0
0.0
0.7569937162768692
0.2051061888147593
0.20555775973851495
0.13255263159802966
0.045212549808761916
0.05220326795782458
0.05233565535854086
0.23485006517598514
0.3109010007562901
0.3141512593951109
0.2589486363421973
0.0
0.0
0.0
0.0
0.0
0.0
0.0
0.0
0.0
0.0
0.0
0.0
0.0
0.0
0.0
0.0
0.0
0.0
0.0
0.0
0.0
0.0
0.0
0.0
0.0
0.5428189625374596
0.11263036945063112
0.6165194354032653
0.18119079351045841
0.07296915494291469
0.09312198312248
0.11419043761254591
0.06019649025987249
0.10329675942245901
0.17564379982318643
0.4555825020621979
0.0
0.0
0.0
0.0
0.0
0.0
0.0
0.0
0.0
0.0
0.0
0.0
0.0
0.0
0.0
0.0
0.0
0.0
0.0
0.0
0.0
0.0
0.0
0.0
0.0
0.2416642336750888
0.17751819293823273
0.41818479407701137
0.11585571054895882
0.0903349059255115
0.04905786094509509
0.020900338504850458
0.07235428752537558
0.1826949130815686
0.42668416198432924
0.700077695900953
0.0
0.0
0.0
0.0
0.0
0.0
0.0
0.0
0.0
0.0
0.0
0.0
0.0
0.0
0.0
0.0
0.0
0.0
0.0
0.0
0.0
0.0
0.0
0.0
0.0
0.6622104144884745
0.25726484075494177
0.29668503087908804
0.3373341992044418
0.38692206132187457
0.05776681138952808
0.05119766112670757
0.029533985051312092
0.008687359170228982
0.15355341060577685
0.3365747112041436
0.0
0.0
0.0
0.0
0.0
0.0
0.0
0.0
0.0
0.0
0.0
0.0
0.0
0.0
0.0
0.0
0.0
0.0
0.0
0.0
0.0
0.0
0.0
0.0
0.0
0.41524036100065953
0.10516161779879266
0.6029712859050418
0.19853810958079812
0.0400091080805303
0.003908589438988625
0.010625397840207454
0.01525402929294238
0.014155101281223425
0.10000493957944513
0.6335311981534778
0.0
0.0
0.0
0.0
0.0
0.0
0.0
0.0
0.0
0.0
0.0
0.0
0.0
0.0
0.0
0.0
0.0
0.0
0.0
0.0
0.0
0.0
0.0
0.0
0.0
0.678746672398159
0.262984287020693
0.3875492319912369
0.0851991303320705
0.08086288434415193
0.0665327729013037
0.09023624382026688
0.027087834065190906
0.021338152280352546
0.2052384746547094
0.5002689535174534
0.0
0.0
0.0
0.0
0.0
0.0
0.0
0.0
0.0
0.0
0.0
0.0
0.0
0.0
0.0
0.0
0.0
0.0
0.0
0.0
0.0
0.0
0.0
0.0
0.0
0.7764759897886044
0.14837810847013883
0.29523692067808416
0.17641486701913173
0.22078097063550842
0.13541407991438534
0.06957273197864075
0.03327354817820431
0.03912398906740681
0.37178329226279644
0.20976110833114206
0.0
0.0
0.0
0.0
0.0
0.0
0.0
0.0
0.0
0.0
0.0
0.0
0.0
0.0
0.0
0.0
0.0
0.0
0.0
0.0
0.0
0.0
0.0
0.0
0.0
0.3389898806537819
0.26564484047683545
0.36158166496527183
0.14814985576897413
0.1051575277838128
0.053168505481533096
0.021204331445075764
0.018646559280166328
0.025144310426094958
0.19609517014397182
0.7797827478013244
0.0
0.0
0.0
0.0
0.0
0.0
0.0
0.0
0.0
0.0
0.0
0.0
0.0
0.0
0.0
0.0
0.0
0.0
0.0
0.0
0.0
0.0
0.0
0.0
0.0
0.5759712678318485
0.2585655939504928
0.382077363290976
0.35586768021008236
0.05689377154311975
0.020190726128763523
0.05370075278185074
0.013900035702394897
0.030643256206271213
0.2502364391234648
0.5084261812492787
0.0
0.0
0.0
0.0
0.0
0.0
0.0
0.0
0.0
0.0
0.0
0.0
0.0
0.0
0.0
0.0
0.0
0.0
0.0
0.0
0.0
0.0
0.0
0.0
0.0
0.24738376297518747
0.12757593254378885
0.02716890579345161
0.003918574591694449
0.02795218489678678
0.05280604261093229
0.14718830698883853
0.17848622030300465
0.18594012452354922
0.7261228594903341
0.5503203451369914
0.0
0.0
0.0
0.0
0.0
0.0
0.0
0.0
0.0
0.0
0.0
0.0
0.0
0.0
0.0
0.0
0.0
0.0
0.0
0.0
0.0
0.0
0.0
0.0
0.0
0.1452375716563868
0.03373276491761883
0.1142593723269022
0.113382327615743
0.0447435127182611
0.01552861344709499
0.010284238761711117
0.012421944875661145
0.07478817918472519
0.42714746800355197
0.8725284928042721
0.0
0.0
0.0
0.0
0.0
0.0
0.0
0.0
0.0
0.0
0.0
0.0
0.0
0.0
0.0
0.0
0.0
0.0
0.0
0.0
0.0
0.0
0.0
0.0
0.0
