0.12006577411981692
0.38418574851892406
0.2805664497438299
0.15576192703542854
0.3114334850100767
0.3544012574906869
0.1865063500331152
0.6195357839936617
0.1729668186351481
0.13172836447749392
0.2157221694212685
0.0
0.0
0.0
0.0
0.0
0.0
0.0
0.0
0.0
0.0
0.0
0.0
0.0
0.0
0.0
0.0
0.0
0.0
0.0
0.0
0.0
0.0
0.0
0.0
0.0
0.1384082354698324
0.14550926853712084
0.1900397500678649
0.08561877427478043
0.10535837691239762
0.21321859388757033
0.39565641938600365
0.5936764520414093
0.5123215135555863
0.2178862544599972
0.20178823206623653
0.0
0.0
0.0
0.0
0.0
0.0
0.0
0.0
0.0
0.0
0.0
0.0
0.0
0.0
0.0
0.0
0.0
0.0
0.0
0.0
0.0
0.0
0.0
0.0
0.0
0.09190137071795468
0.3967651495803108
0.0798053737160649
0.2645765167047517
0.6515120993299393
0.5367502449934388
0.1504569974254293
0.0639793794098237
0.06705849316902698
0.10958664585581042
0.04423051751114544
0.0
0.0
0.0
0.0
0.0
0.0
0.0
0.0
0.0
0.0
0.0
0.0
0.0
0.0
0.0
0.0
0.0
0.0
0.0
0.0
0.0
0.0
0.0
0.0
0.0
0.4501397651921127
0.46101504143746597
0.12593889968958785
0.28918477140501025
0.12275540209936449
0.10115904417034399
0.2652505184578648
0.4530209017313882
0.31040238201012155
0.2677393543124851
0.12817592745388912
0.0
0.0
0.0
0.0
0.0
0.0
0.0
0.0
0.0
0.0
0.0
0.0
0.0
0.0
0.0
0.0
0.0
0.0
0.0
0.0
0.0
0.0
0.0
0.0
0.0
0.4922972208772728
0.34604736404221637
0.19996133987576703
0.5982296971067524
0.37963994586501293
0.18961184737790485
0.10663908189182474
0.030193370607273205
0.07124862456499664
0.1493489404969946
0.14243318820699322
0.0
0.0
0.0
0.0
0.0
0.0
0.0
0.0
0.0
0.0
0.0
0.0
0.0
0.0
0.0
0.0
0.0
0.0
0.0
0.0
0.0
0.0
0.0
0.0
0.0
0.500758815261367
0.22278830587743018
0.2751694673856491
0.41881262121794416
0.38216912867200137
0.32303102053395616
0.2359605094217307
0.13184673370379463
0.20150958749198702
0.25532984235719125
0.13864012279337723
0.0
0.0
0.0
0.0
0.0
0.0
0.0
0.0
0.0
0.0
0.0
0.0
0.0
0.0
0.0
0.0
0.0
0.0
0.0
0.0
0.0
0.0
0.0
0.0
0.0
0.08907937988905514
0.28793109452556626
0.3966793153308442
0.3067445940091116
0.25377769273830575
0.11811166614557518
0.08026018526999582
0.24306947415476798
0.19956462525215532
0.3525537727858528
0.5913676282520424
0.0
0.0
0.0
0.0
0.0
0.0
0.0
0.0
0.0
0.0
0.0
0.0
0.0
0.0
0.0
0.0
0.0
0.0
0.0
0.0
0.0
0.0
0.0
0.0
0.0
0.06990435660646317
0.134663183829935
0.2496400860453409
0.28475524664551033
0.10456528561697923
0.20882959545647606
0.4529800350218821
0.14742706483030296
0.31566329570583673
0.5549363654652957
0.38014003782299566
0.0
0.0
0.0
0.0
0.0
0.0
0.0
0.0
0.0
0.0
0.0
0.0
0.0
0.0
0.0
0.0
0.0
0.0
0.0
0.0
0.0
0.0
0.0
0.0
0.0
0.5537608637008148
0.4149015533587679
0.19454625397445985
0.2960967917178901
0.31725296197357283
0.205833798571766
0.1373076529065898
0.24412122058285307
0.39311683126203945
0.13480572804038501
0.038795207405234886
0.0
0.0
0.0
0.0
0.0
0.0
0.0
0.0
0.0
0.0
0.0
0.0
0.0
0.0
0.0
0.0
0.0
0.0
0.0
0.0
0.0
0.0
0.0
0.0
0.0
0.34668482462786077
0.24372564790986853
0.2709701423377637
0.2462032573552121
0.29745547487312435
0.3093658093927196
0.2239497668016032
0.41573038864410317
0.38099278247506857
0.24571875982166372
0.27140588070366173
0.0
0.0
0.0
0.0
0.0
0.0
0.0
0.0
0.0
0.0
0.0
0.0
0.0
0.0
0.0
0.0
0.0
0.0
0.0
0.0
0.0
0.0
0.0
0.0
0.0
0.3060141859032175
0.2056046660132922
0.34643402178289484
0.41002854835108027
0.4053595852308312
0.25598685069233934
0.12226841115810681
0.330186003083433
0.3605472845834274
0.22429614094487335
0.20450176551684976
0.0
0.0
0.0
0.0
0.0
0.0
0.0
0.0
0.0
0.0
0.0
0.0
0.0
0.0
0.0
0.0
0.0
0.0
0.0
0.0
0.0
0.0
0.0
0.0
0.0
0.4037100772906229
0.22412750940044326
0.3700483563792498
0.25902175114932974
0.21481356584518552
0.25642590637802365
0.12626187041066209
0.2921259820487208
0.5175197303488239
0.20490367415575728
0.24447091764300463
0.0
0.0
0.0
0.0
0.0
0.0
0.0
0.0
0.0
0.0
0.0
0.0
0.0
0.0
0.0
0.0
0.0
0.0
0.0
0.0
0.0
0.0
0.0
0.0
0.0
0.2283644124747656
0.10288521784041242
0.7457974946419009
0.3268181747203645
0.14298443366417135
0.15430887680856772
0.12644012082446507
0.09728569148218222
0.07834957964626625
0.22552329814170996
0.38410090137147646
0.0
0.0
0.0
0.0
0.0
0.0
0.0
0.0
0.0
0.0
0.0
0.0
0.0
0.0
0.0
0.0
0.0
0.0
0.0
0.0
0.0
0.0
0.0
0.0
0.0
0.13904216076788195
0.46096257505104526
0.40849444714269956
0.6034680879297599
0.3173973545480119
0.1007556280880009
0.1111106357003406
0.10192864335641916
0.12218256603589059
0.22702331302380208
0.1924665486991752
0.0
0.0
0.0
0.0
0.0
0.0
0.0
0.0
0.0
0.0
0.0
0.0
0.0
0.0
0.0
0.0
0.0
0.0
0.0
0.0
0.0
0.0
0.0
0.0
0.0
0.13233153919286259
0.30386374666988614
0.4555723599169652
0.5484268049470802
0.2061790797520378
0.2535275384078614
0.2352055340713323
0.30894564145317527
0.2214965640611046
0.13201956176548307
0.2403998353180491
0.0
0.0
0.0
0.0
0.0
0.0
0.0
0.0
0.0
0.0
0.0
0.0
0.0
0.0
0.0
0.0
0.0
0.0
0.0
0.0
0.0
0.0
0.0
0.0
0.0
0.23135468736207213
0.6921500157521833
0.3561649978239404
0.4255768324430673
0.2789852180292508
0.1474770200020312
0.10794863663343228
0.05163169199477571
0.07091187551969405
0.0975796506849434
0.17601980839770195
0.0
0.0
0.0
0.0
0.0
0.0
0.0
0.0
0.0
0.0
0.0
0.0
0.0
0.0
0.0
0.0
0.0
0.0
0.0
0.0
0.0
0.0
0.0
0.0
0.0
0.203475826723023
0.3096936776961681
0.7890614979111331
0.2959532688952817
0.07186717380238043
0.038923792375547696
0.009001799668093717
0.009068241326968365
0.04475771830889723
0.057567130836914
0.3745938914298555
0.0
0.0
0.0
0.0
0.0
0.0
0.0
0.0
0.0
0.0
0.0
0.0
0.0
0.0
0.0
0.0
0.0
0.0
0.0
0.0
0.0
0.0
0.0
0.0
0.0
0.3781295328283327
0.2924003988802466
0.09332538761441349
0.18134681865014904
0.07369442038496994
0.13174652519882132
0.1816453646030513
0.5110304606234487
0.5926796843218104
0.2306541651778924
0.09229317278893187
0.0
0.0
0.0
0.0
0.0
0.0
0.0
0.0
0.0
0.0
0.0
0.0
0.0
0.0
0.0
0.0
0.0
0.0
0.0
0.0
0.0
0.0
0.0
0.0
0.0
0.29500653743785477
0.33650308594628897
0.24741902673442007
0.21969769887329552
0.23021376094215437
0.17260235950373345
0.05956885084693975
0.21626797817901877
0.48164729297621606
0.4522893928024131
0.3472657714978223
0.0
0.0
0.0
0.0
0.0
0.0
0.0
0.0
0.0
0.0
0.0
0.0
0.0
0.0
0.0
0.0
0.0
0.0
0.0
0.0
0.0
0.0
0.0
0.0
0.0
0.23028328784198954
0.3504880784042854
0.4127194770377538
0.3176295485914646
0.07698906645762184
0.3106445387937213
0.3450583923934067
0.24882582180487958
0.32100253380797794
0.2806990476511331
0.2960748312752191
0.0
0.0
0.0
0.0
0.0
0.0
0.0
0.0
0.0
0.0
0.0
0.0
0.0
0.0
0.0
0.0
0.0
0.0
0.0
0.0
0.0
0.0
0.0
0.0
0.0
0.2676996900502178
0.2432317269892764
0.18500485011870776
0.23227607934611144
0.2743065545482234
0.28782761605727714
0.24853828743356426
0.4605117609980182
0.43564605669874257
0.26216646479581135
0.3009091300991875
0.0
0.0
0.0
0.0
0.0
0.0
0.0
0.0
0.0
0.0
0.0
0.0
0.0
0.0
0.0
0.0
0.0
0.0
0.0
0.0
0.0
0.0
0.0
0.0
0.0
0.3280008943114043
0.3882116711869712
0.3561512031824791
0.21272405590278917
0.1770868516797576
0.17068613144456513
0.16731668021032295
0.11783009793330482
0.1360637446848925
0.3960918900186162
0.540219833290066
0.0
0.0
0.0
0.0
0.0
0.0
0.0
0.0
0.0
0.0
0.0
0.0
0.0
0.0
0.0
0.0
0.0
0.0
0.0
0.0
0.0
0.0
0.0
0.0
0.0
0.3528590053136909
0.24698976739000034
0.2859810205567732
0.2165737855366139
0.37608135180143704
0.3216661220247588
0.23605902720015595
0.44789278666396104
0.21245711819080793
0.24694612909973018
0.2800691357977423
0.0
0.0
0.0
0.0
0.0
0.0
0.0
0.0
0.0
0.0
0.0
0.0
0.0
0.0
0.0
0.0
0.0
0.0
0.0
0.0
0.0
0.0
0.0
0.0
0.0
0.5122965018132238
0.22449499876453352
0.24244187967162786
0.29227855414760057
0.4331842426007408
0.27957072453524817
0.2015940887591399
0.15594928734513028
0.11308184291718373
0.2559883165269102
0.365873222892398
0.0
0.0
0.0
0.0
0.0
0.0
0.0
0.0
0.0
0.0
0.0
0.0
0.0
0.0
0.0
0.0
0.0
0.0
0.0
0.0
0.0
0.0
0.0
0.0
0.0
0.32938325502220334
0.4865972707699802
0.27834279485904745
0.14095236048384552
0.14179855123505766
0.14520431376805104
0.061095983945237714
0.18541651020214053
0.21165158748598123
0.3126076878988564
0.5792792104128
0.0
0.0
0.0
0.0
0.0
0.0
0.0
0.0
0.0
0.0
0.0
0.0
0.0
0.0
0.0
0.0
0.0
0.0
0.0
0.0
0.0
0.0
0.0
0.0
0.0
0.14666752053592894
0.1765611936854345
0.43564330308803545
0.5210311608120469
0.5398906379590319
0.3061043192761876
0.17118433721581794
0.029768506056680955
0.044049783064018314
0.05126323939929416
0.25713017256577175
0.0
0.0
0.0
0.0
0.0
0.0
0.0
0.0
0.0
0.0
0.0
0.0
0.0
0.0
0.0
0.0
0.0
0.0
0.0
0.0
0.0
0.0
0.0
0.0
0.0
0.08058793798551034
0.09629345834243155
0.08605897175800784
0.06768966732990914
0.034521648561821
0.015330068081990555
0.010619751745815436
0.030327267783591915
0.21240684895263442
0.8956741008100112
0.34991009502359977
0.0
0.0
0.0
0.0
0.0
0.0
0.0
0.0
0.0
0.0
0.0
0.0
0.0
0.0
0.0
0.0
0.0
0.0
0.0
0.0
0.0
0.0
0.0
0.0
0.0
0.7809597519109936
0.2929145473015301
0.09331060605682479
0.16196741404753942
0.15047875874740216
0.26513091523142
0.12697513571098182
0.03688198727019124
0.1925206213758234
0.26575106831235185
0.22639252720617878
0.0
0.0
0.0
0.0
0.0
0.0
0.0
0.0
0.0
0.0
0.0
0.0
0.0
0.0
0.0
0.0
0.0
0.0
0.0
0.0
0.0
0.0
0.0
0.0
0.0
0.07810854983550314
0.15177796078992625
0.4064018571724134
0.12461374833975819
0.12213297470854503
0.19323777700834366
0.21012967204787808
0.17315283129142975
0.21499844710157975
0.43960805274372705
0.6513817566879513
0.0
0.0
0.0
0.0
0.0
0.0
0.0
0.0
0.0
0.0
0.0
0.0
0.0
0.0
0.0
0.0
0.0
0.0
0.0
0.0
0.0
0.0
0.0
0.0
0.0
0.3509542696471786
0.31163264389527556
0.42862186807785146
0.17871225189446927
0.26373791863560775
0.21779501078680194
0.2326194834045506
0.2573907405302124
0.23005459763830474
0.3384853465223377
0.3990110268885941
0.0
0.0
0.0
0.0
0.0
0.0
0.0
0.0
0.0
0.0
0.0
0.0
0.0
0.0
0.0
0.0
0.0
0.0
0.0
0.0
0.0
0.0
0.0
0.0
0.0
0.44777684809343926
0.3446097556394645
0.16479798283988203
0.4312354201867582
0.2662064625217248
0.28672163919303195
0.13401582389959368
0.27871529616377977
0.18005329613787233
0.18677629853971547
0.38935258605862655
0.0
0.0
0.0
0.0
0.0
0.0
0.0
0.0
0.0
0.0
0.0
0.0
0.0
0.0
0.0
0.0
0.0
0.0
0.0
0.0
0.0
0.0
0.0
0.0
0.0
0.17953372866336642
0.2254070127218707
0.39026538790158866
0.3394400749750411
0.17108238831455466
0.21462693694528442
0.1645318369666541
0.15311639432843183
0.2461287820509785
0.4730242910876664
0.4891339927263449
0.0
0.0
0.0
0.0
0.0
0.0
0.0
0.0
0.0
0.0
0.0
0.0
0.0
0.0
0.0
0.0
0.0
0.0
0.0
0.0
0.0
0.0
0.0
0.0
0.0
0.3790759126447374
0.22641665930726515
0.6122581755803961
0.3837576024755192
0.31757201811287833
0.26455252547801394
0.2440786574645326
0.07793469766665205
0.04132410679306553
0.10045890796290091
0.18606200652308794
0.0
0.0
0.0
0.0
0.0
0.0
0.0
0.0
0.0
0.0
0.0
0.0
0.0
0.0
0.0
0.0
0.0
0.0
0.0
0.0
0.0
0.0
0.0
0.0
0.0
0.3212583243571216
0.24328933194837268
0.4403176099918816
0.3852027949756422
0.3248985606000037
0.1201881550133047
0.04678796828019209
0.12123141082961111
0.12302986464759538
0.2791452290001554
0.5151638150759642
0.0
0.0
0.0
0.0
0.0
0.0
0.0
0.0
0.0
0.0
0.0
0.0
0.0
0.0
0.0
0.0
0.0
0.0
0.0
0.0
0.0
0.0
0.0
0.0
0.0
0.3482770292014871
0.41986931744509526
0.16636195917772192
0.1935750087535965
0.3801205843158065
0.28721381962569126
0.0808768097455853
0.07503589281796212
0.47894300664215617
0.3515125162422037
0.21251576098453442
0.0
0.0
0.0
0.0
0.0
0.0
0.0
0.0
0.0
0.0
0.0
0.0
0.0
0.0
0.0
0.0
0.0
0.0
0.0
0.0
0.0
0.0
0.0
0.0
0.0
0.4161306355982365
0.21072790975932043
0.3666420263041436
0.3715962465991437
0.5108127955490133
0.4227972421847463
0.16657038340375988
0.10559476592758418
0.043440844064111875
0.09612283794374077
0.14215843979353635
0.0
0.0
0.0
0.0
0.0
0.0
0.0
0.0
0.0
0.0
0.0
0.0
0.0
0.0
0.0
0.0
0.0
0.0
0.0
0.0
0.0
0.0
0.0
0.0
0.0
0.25325326298942574
0.30289193167776957
0.2251579279341318
0.20228077384715878
0.3320120568853724
0.2904111644477338
0.3415520019951552
0.3153777963047594
0.20672528716025718
0.222794181065779
0.4994411799597323
0.0
0.0
0.0
0.0
0.0
0.0
0.0
0.0
0.0
0.0
0.0
0.0
0.0
0.0
0.0
0.0
0.0
0.0
0.0
0.0
0.0
0.0
0.0
0.0
0.0
0.03712416504984397
0.02920000472688368
0.09349609112016069
0.061237662350354154
0.16399911950905435
0.19367278441129543
0.15742898159315802
0.4415617055721839
0.6600238607968142
0.43931150271203223
0.26923225998668193
0.0
0.0
0.0
0.0
0.0
0.0
0.0
0.0
0.0
0.0
0.0
0.0
0.0
0.0
0.0
0.0
0.0
0.0
0.0
0.0
0.0
0.0
0.0
0.0
0.0
0.023318744431955245
0.040476392706946814
0.19107959789864448
0.0643543540140459
0.07166581210186174
0.0343743176285785
0.27615521583574637
0.4771650300001781
0.5313930318788541
0.5488422232152008
0.25158082287738825
0.0
0.0
0.0
0.0
0.0
0.0
0.0
0.0
0.0
0.0
0.0
0.0
0.0
0.0
0.0
0.0
0.0
0.0
0.0
0.0
0.0
0.0
0.0
0.0
0.0
0.38547615401408103
0.11819736450394652
0.473770296049947
0.26650330844231684
0.27470938908681297
0.24484278624182795
0.26106050666888436
0.3884438013852614
0.24831338632313538
0.25367945583311274
0.24796772640380707
0.0
0.0
0.0
0.0
0.0
0.0
0.0
0.0
0.0
0.0
0.0
0.0
0.0
0.0
0.0
0.0
0.0
0.0
0.0
0.0
0.0
0.0
0.0
0.0
0.0
0.3648709547101303
0.15213155189573443
0.17032685517953153
0.18820879318785594
0.6332046057947216
0.34061426378421494
0.22217265457122176
0.15376986284987318
0.2946331329494081
0.2036612030412095
0.2470481989194721
0.0
0.0
0.0
0.0
0.0
0.0
0.0
0.0
0.0
0.0
0.0
0.0
0.0
0.0
0.0
0.0
0.0
0.0
0.0
0.0
0.0
0.0
0.0
0.0
0.0
0.2150546921227053
0.5627447552605925
0.1590886815632435
0.183456634643728
0.38829035468631046
0.3361046301160263
0.25412271385455804
0.3227732684220751
0.30355848426940346
0.16985789939964074
0.15686987165625066
0.0
0.0
0.0
0.0
0.0
0.0
0.0
0.0
0.0
0.0
0.0
0.0
0.0
0.0
0.0
0.0
0.0
0.0
0.0
0.0
0.0
0.0
0.0
0.0
0.0
0.3729584909058577
0.3243871018036216
0.36942998649776077
0.2770389816346504
0.4993358278568581
0.24108148787271166
0.13247198256829448
0.18009910461809545
0.16287899545302081
0.2671480170209463
0.29513922713108603
0.0
0.0
0.0
0.0
0.0
0.0
0.0
0.0
0.0
0.0
0.0
0.0
0.0
0.0
0.0
0.0
0.0
0.0
0.0
0.0
0.0
0.0
0.0
0.0
0.0
0.40947456423177897
0.25665476315662766
0.3316749486206945
0.1839048499384987
0.10741284178983207
0.06524167971713617
0.09478360223782906
0.11412379075823427
0.2677534980015412
0.44708287956941595
0.5596895972793638
0.0
0.0
0.0
0.0
0.0
0.0
0.0
0.0
0.0
0.0
0.0
0.0
0.0
0.0
0.0
0.0
0.0
0.0
0.0
0.0
0.0
0.0
0.0
0.0
0.0
0.34308720356117645
0.30014277588075333
0.3565100305261676
0.4913581562381075
0.3217106363996763
0.2611373712866487
0.2467463034874104
0.30299899093191923
0.06691446667919415
0.21506640234223592
0.22036232654118645
0.0
0.0
0.0
0.0
0.0
0.0
0.0
0.0
0.0
0.0
0.0
0.0
0.0
0.0
0.0
0.0
0.0
0.0
0.0
0.0
0.0
0.0
0.0
0.0
0.0
0.2076459648355962
0.24161214294044078
0.30973005189238223
0.44256386564232986
0.4884567356519981
0.12627181511389018
0.18242790160270708
0.2624495181245945
0.14820081449190228
0.3213039829310713
0.3532948794524028
0.0
0.0
0.0
0.0
0.0
0.0
0.0
0.0
0.0
0.0
0.0
0.0
0.0
0.0
0.0
0.0
0.0
0.0
0.0
0.0
0.0
0.0
0.0
0.0
0.0
0.37838469094968824
0.3834975830371469
0.22149917285797027
0.19828259451067873
0.3404430034372603
0.2797945900493863
0.21737485162711528
0.16405268823454244
0.24224197194340585
0.5003965057484695
0.2096362583463069
0.0
0.0
0.0
0.0
0.0
0.0
0.0
0.0
0.0
0.0
0.0
0.0
0.0
0.0
0.0
0.0
0.0
0.0
0.0
0.0
0.0
0.0
0.0
0.0
0.0
0.18293746341370165
0.16435011640267586
0.024123331542508522
0.04133214665022909
0.07054978522528725
0.21753886696424055
0.552923550455263
0.647090256334469
0.3820999234966922
0.11526897267360414
0.03456401774784484
0.0
0.0
0.0
0.0
0.0
0.0
0.0
0.0
0.0
0.0
0.0
0.0
0.0
0.0
0.0
0.0
0.0
0.0
0.0
0.0
0.0
0.0
0.0
0.0
0.0
0.1008641765197485
0.06606357881876188
0.11426027351207053
0.30247194115909576
0.35165576152365424
0.31351723976365414
0.25483656205989713
0.5047192187883289
0.5803555180083512
0.04697289853153727
0.01613562081976489
0.0
0.0
0.0
0.0
0.0
0.0
0.0
0.0
0.0
0.0
0.0
0.0
0.0
0.0
0.0
0.0
0.0
0.0
0.0
0.0
0.0
0.0
0.0
0.0
0.0
0.07133004403760636
0.024023490505085305
0.02115108874045192
0.015049261756348548
0.0014932134592020618
0.06295426021726651
0.10210517324101673
0.10502237993994452
0.5213541307656172
0.7738348951832292
0.31242573191216194
0.0
0.0
0.0
0.0
0.0
0.0
0.0
0.0
0.0
0.0
0.0
0.0
0.0
0.0
0.0
0.0
0.0
0.0
0.0
0.0
0.0
0.0
0.0
0.0
0.0
0.11175430085879594
0.06286356734443166
0.025686529502570204
0.029094272206718005
0.0375285039154256
0.08783785221325985
0.05481461729723553
0.1618779253500917
0.9661842032909695
0.09738372085349671
0.0269144574203293
0.0
0.0
0.0
0.0
0.0
0.0
0.0
0.0
0.0
0.0
0.0
0.0
0.0
0.0
0.0
0.0
0.0
0.0
0.0
0.0
0.0
0.0
0.0
0.0
0.0
0.26667820001906906
0.2946756818952306
0.33805647203051287
0.32263101180044
0.2973991360627336
0.2875889930089018
0.21059824744647665
0.2923778400390448
0.25998831725732696
0.4475899349812848
0.23399841637513524
0.0
0.0
0.0
0.0
0.0
0.0
0.0
0.0
0.0
0.0
0.0
0.0
0.0
0.0
0.0
0.0
0.0
0.0
0.0
0.0
0.0
0.0
0.0
0.0
0.0
0.12416777451418884
0.1431868176902246
0.3507787603054268
0.24698045220401915
0.1289457391044854
0.10909131661703583
0.2306686711356448
0.11492029787145107
0.4137468305787765
0.5113215498752166
0.5024500170942998
0.0
0.0
0.0
0.0
0.0
0.0
0.0
0.0
0.0
0.0
0.0
0.0
0.0
0.0
0.0
0.0
0.0
0.0
0.0
0.0
0.0
0.0
0.0
0.0
0.0
0.1535434450701902
0.11514365702194888
0.31915529358360345
0.18900628192787577
0.6307933770557265
0.4367134515577584
0.2703330485008093
0.16155809736976606
0.28380763254664215
0.14022725491697685
0.19383631789046746
0.0
0.0
0.0
0.0
0.0
0.0
0.0
0.0
0.0
0.0
0.0
0.0
0.0
0.0
0.0
0.0
0.0
0.0
0.0
0.0
0.0
0.0
0.0
0.0
0.0
0.39375461787473914
0.21832635902706413
0.28236543833061695
0.32389168877565183
0.42536565967433715
0.30404248913193715
0.2630598430706871
0.19433923398606132
0.15713310776805262
0.3132584862276357
0.33088841586530443
0.0
0.0
0.0
0.0
0.0
0.0
0.0
0.0
0.0
0.0
0.0
0.0
0.0
0.0
0.0
0.0
0.0
0.0
0.0
0.0
0.0
0.0
0.0
0.0
0.0
0.46511394135106
0.6410409500276925
0.2854231591923557
0.30076715292145756
0.21064590312657203
0.12838948419017526
0.1096502901394997
0.2429043162551038
0.1870646997036685
0.1396101878669551
0.12017822722738677
0.0
0.0
0.0
0.0
0.0
0.0
0.0
0.0
0.0
0.0
0.0
0.0
0.0
0.0
0.0
0.0
0.0
0.0
0.0
0.0
0.0
0.0
0.0
0.0
0.0
0.32135347529870084
0.45917222238158883
0.17797661810659932
0.14630174090320883
0.3472187930186586
0.36683375652241923
0.283200553449578
0.2986875278477164
0.2696194764965346
0.28281888349102874
0.23576909729996268
0.0
0.0
0.0
0.0
0.0
0.0
0.0
0.0
0.0
0.0
0.0
0.0
0.0
0.0
0.0
0.0
0.0
0.0
0.0
0.0
0.0
0.0
0.0
0.0
0.0
0.12551007817668905
0.11235465856150047
0.32188788380716565
0.07979428858764684
0.22940714728073897
0.522741956023136
0.5230495179338501
0.2943075327008325
0.3165968796578513
0.23967636454479652
0.13372305330937664
0.0
0.0
0.0
0.0
0.0
0.0
0.0
0.0
0.0
0.0
0.0
0.0
0.0
0.0
0.0
0.0
0.0
0.0
0.0
0.0
0.0
0.0
0.0
0.0
0.0
0.018336705702638935
0.03141752654885383
0.013508123070714391
0.10759544144847387
0.15272282746524973
0.6303863690597891
0.7482164270738688
0.0753867115248757
0.019486774963966804
0.01164860653909443
0.013409588519281404
0.0
0.0
0.0
0.0
0.0
0.0
0.0
0.0
0.0
0.0
0.0
0.0
0.0
0.0
0.0
0.0
0.0
0.0
0.0
0.0
0.0
0.0
0.0
0.0
0.0
0.11925792942337599
0.3157018297133018
0.05727250417704994
0.011522603139671165
0.04673469558636802
0.04945726007610208
0.6834742745770696
0.6161398297519303
0.16846401962984053
0.039489178598794764
0.036904519642888066
0.0
0.0
0.0
0.0
0.0
0.0
0.0
0.0
0.0
0.0
0.0
0.0
0.0
0.0
0.0
0.0
0.0
0.0
0.0
0.0
0.0
0.0
0.0
0.0
0.0
0.0684244680545682
0.04868485697961781
0.12802727842714484
0.110634403219709
0.12070238127644123
0.21656624108096217
0.4706533632754422
0.6525950797004353
0.35415483056620295
0.35848891291253215
0.03888507357653074
0.0
0.0
0.0
0.0
0.0
0.0
0.0
0.0
0.0
0.0
0.0
0.0
0.0
0.0
0.0
0.0
0.0
0.0
0.0
0.0
0.0
0.0
0.0
0.0
0.0
0.004939964121437924
0.005595332013464659
0.022806096553578903
0.01625808627427492
0.02418334352438365
0.030338058501993604
0.01735195384672877
0.8055869231381741
0.5899695664821465
0.011115434126376594
0.013985364587930028
0.0
0.0
0.0
0.0
0.0
0.0
0.0
0.0
0.0
0.0
0.0
0.0
0.0
0.0
0.0
0.0
0.0
0.0
0.0
0.0
0.0
0.0
0.0
0.0
0.0
0.28508229370546906
0.2720740363647998
0.4428369168508443
0.28359097620553647
0.11663532177467266
0.18134420664924028
0.41866241072176535
0.4078197861726856
0.18502812693812076
0.18796026182556266
0.33245488166191994
0.0
0.0
0.0
0.0
0.0
0.0
0.0
0.0
0.0
0.0
0.0
0.0
0.0
0.0
0.0
0.0
0.0
0.0
0.0
0.0
0.0
0.0
0.0
0.0
0.0
0.3317053809429434
0.2335510420085351
0.1716419149791862
0.19867961816250848
0.2661367868147946
0.27681061740136365
0.3866210796029743
0.5390786984522861
0.3054588621498087
0.20365964465440503
0.2101759656385094
0.0
0.0
0.0
0.0
0.0
0.0
0.0
0.0
0.0
0.0
0.0
0.0
0.0
0.0
0.0
0.0
0.0
0.0
0.0
0.0
0.0
0.0
0.0
0.0
0.0
0.5188146837572712
0.30724614743343337
0.2497147634431694
0.36598752387367506
0.23691983234742622
0.5358392322474562
0.12689305532340503
0.14969226405010014
0.14642492541021535
0.1649796732323642
0.09850855572192412
0.0
0.0
0.0
0.0
0.0
0.0
0.0
0.0
0.0
0.0
0.0
0.0
0.0
0.0
0.0
0.0
0.0
0.0
0.0
0.0
0.0
0.0
0.0
0.0
0.0
0.328412455000763
0.3767106388587401
0.35525025094101204
0.31530438878458766
0.20838826163009633
0.13282880340689668
0.12424255504018464
0.15497255119758674
0.3339060960169366
0.2941425767374249
0.47547845006499534
0.0
0.0
0.0
0.0
0.0
0.0
0.0
0.0
0.0
0.0
0.0
0.0
0.0
0.0
0.0
0.0
0.0
0.0
0.0
0.0
0.0
0.0
0.0
0.0
0.0
0.33327222862989964
0.3511885287670398
0.224735095130877
0.22267015945908575
0.3495036165359245
0.2995602028515953
0.25291176069370547
0.323077963616266
0.28959322814672406
0.3042969028951777
0.32987074849650183
0.0
0.0
0.0
0.0
0.0
0.0
0.0
0.0
0.0
0.0
0.0
0.0
0.0
0.0
0.0
0.0
0.0
0.0
0.0
0.0
0.0
0.0
0.0
0.0
0.0
0.21614449055873264
0.17767679592855024
0.5603766934349577
0.3743324972788884
0.21929647174785413
0.13459503798504543
0.16559482931949393
0.1792603573576269
0.1752420042303275
0.37337908272397513
0.41434438438873034
0.0
0.0
0.0
0.0
0.0
0.0
0.0
0.0
0.0
0.0
0.0
0.0
0.0
0.0
0.0
0.0
0.0
0.0
0.0
0.0
0.0
0.0
0.0
0.0
0.0
0.2087038600804799
0.05173657313114111
0.049334763951399636
0.06141354831507622
0.2294878551729468
0.5327320031820683
0.7522247927337503
0.1483433708505773
0.09742604267940531
0.06427776445435497
0.09808700615801315
0.0
0.0
0.0
0.0
0.0
0.0
0.0
0.0
0.0
0.0
0.0
0.0
0.0
0.0
0.0
0.0
0.0
0.0
0.0
0.0
0.0
0.0
0.0
0.0
0.0
0.010421141344226222
0.08300689129490314
0.03917098713775937
0.014888329959657946
0.003939351948600032
0.013660537674609695
0.7342248868290523
0.6691292382219062
0.05914046255297539
0.019204548044709682
0.018882996738513878
0.0
0.0
0.0
0.0
0.0
0.0
0.0
0.0
0.0
0.0
0.0
0.0
0.0
0.0
0.0
0.0
0.0
0.0
0.0
0.0
0.0
0.0
0.0
0.0
0.0
0.06143982928436584
0.012361023496098158
0.004555485798661816
0.020294086972658786
0.08211284465584515
0.31178768767276477
0.8129230547744725
0.47987485194195356
0.02063672676526907
0.009880860918626885
0.0061964669503784065
0.0
0.0
0.0
0.0
0.0
0.0
0.0
0.0
0.0
0.0
0.0
0.0
0.0
0.0
0.0
0.0
0.0
0.0
0.0
0.0
0.0
0.0
0.0
0.0
0.0
0.032814027311100884
0.028356147013347394
0.0012176319493286158
0.0
0.004481442907239285
0.32787370360627943
0.9218479042912038
0.20111626004851235
0.017585648016602694
0.005687478434296611
0.0018777471876112244
0.0
0.0
0.0
0.0
0.0
0.0
0.0
0.0
0.0
0.0
0.0
0.0
0.0
0.0
0.0
0.0
0.0
0.0
0.0
0.0
0.0
0.0
0.0
0.0
0.0
0.023311956793409166
0.016618705611414195
0.014665362634440156
0.018175362721529396
0.04065872544961846
0.07924776029918582
0.2278106165827251
0.8470176305445593
0.4679710761319815
0.048617226560194765
0.0021234075748247537
0.0
0.0
0.0
0.0
0.0
0.0
0.0
0.0
0.0
0.0
0.0
0.0
0.0
0.0
0.0
0.0
0.0
0.0
0.0
0.0
0.0
0.0
0.0
0.0
0.0
0.06165554959061112
0.039483965386696816
0.07468262562074009
0.04477699850080103
0.06260692053694934
0.05870488545952434
0.5003570917943378
0.8494250033966485
0.04459284253485619
0.04990939445244296
0.05772105748776611
0.0
0.0
0.0
0.0
0.0
0.0
0.0
0.0
0.0
0.0
0.0
0.0
0.0
0.0
0.0
0.0
0.0
0.0
0.0
0.0
0.0
0.0
0.0
0.0
0.0
0.14310351264000445
0.16564573549810083
0.67642447954175
0.5369207561001114
0.3606351425784069
0.09486791059188586
0.0026024487028213296
0.0061309188291674924
0.029002353330687472
0.0548324344280066
0.2515932835656876
0.0
0.0
0.0
0.0
0.0
0.0
0.0
0.0
0.0
0.0
0.0
0.0
0.0
0.0
0.0
0.0
0.0
0.0
0.0
0.0
0.0
0.0
0.0
0.0
0.0
0.2183718777504663
0.3200506919156452
0.22164333747296422
0.2637371371691951
0.19322463203213228
0.18163670954984618
0.16116734650913664
0.06728295339734762
0.33198346731890876
0.5400486971246253
0.4780199275405692
0.0
0.0
0.0
0.0
0.0
0.0
0.0
0.0
0.0
0.0
0.0
0.0
0.0
0.0
0.0
0.0
0.0
0.0
0.0
0.0
0.0
0.0
0.0
0.0
0.0
0.3746599580375339
0.33253158515206577
0.5774777256822387
0.2611746907468477
0.07998840842279988
0.04802834012944888
0.18281095068114572
0.2033123465435246
0.05183462777965147
0.1811124365154846
0.47792337648676875
0.0
0.0
0.0
0.0
0.0
0.0
0.0
0.0
0.0
0.0
0.0
0.0
0.0
0.0
0.0
0.0
0.0
0.0
0.0
0.0
0.0
0.0
0.0
0.0
0.0
0.17589941867824493
0.17428320032986222
0.24698598729985624
0.1993699752480215
0.17294874683093805
0.06300297006398328
0.19554116179131745
0.27916459350920086
0.4777205161101951
0.5293412074282757
0.42363360437199576
0.0
0.0
0.0
0.0
0.0
0.0
0.0
0.0
0.0
0.0
0.0
0.0
0.0
0.0
0.0
0.0
0.0
0.0
0.0
0.0
0.0
0.0
0.0
0.0
0.0
0.4184752580989146
0.2795421191651971
0.23540578511424187
0.3068183704527228
0.29926856546043923
0.13575838613636473
0.11011913252561403
0.23063153026117347
0.1966843766247988
0.5227783197593726
0.33449994090064966
0.0
0.0
0.0
0.0
0.0
0.0
0.0
0.0
0.0
0.0
0.0
0.0
0.0
0.0
0.0
0.0
0.0
0.0
0.0
0.0
0.0
0.0
0.0
0.0
0.0
0.04152161704184503
0.051687484241973315
0.10983476894098423
0.04224553416915701
0.026129186448541994
0.03801689691171119
0.5119447942618123
0.8273379934110026
0.1429739501782546
0.09599353648745361
0.058275566407331975
0.0
0.0
0.0
0.0
0.0
0.0
0.0
0.0
0.0
0.0
0.0
0.0
0.0
0.0
0.0
0.0
0.0
0.0
0.0
0.0
0.0
0.0
0.0
0.0
0.0
0.055029921266755696
0.020916083186570466
0.01418921313160357
0.02111525851480013
0.023827260845925496
0.14738325585263237
0.6790852512358961
0.7050627477291643
0.12225585558230138
0.019090616131325237
0.004033896747572667
0.0
0.0
0.0
0.0
0.0
0.0
0.0
0.0
0.0
0.0
0.0
0.0
0.0
0.0
0.0
0.0
0.0
0.0
0.0
0.0
0.0
0.0
0.0
0.0
0.0
0.004186625130927522
0.018650861463319762
0.034681909701729526
0.14681247096981342
0.1493556054639081
0.34808565963258015
0.8643705824091846
0.2750459806704305
0.09113607997206068
0.04652902538491599
0.012232220780919253
0.0
0.0
0.0
0.0
0.0
0.0
0.0
0.0
0.0
0.0
0.0
0.0
0.0
0.0
0.0
0.0
0.0
0.0
0.0
0.0
0.0
0.0
0.0
0.0
0.0
0.002187913053126749
0.0
0.19468347898471855
0.033321456280272214
0.1081075486864543
0.3817642952616252
0.5145889190917365
0.5946896430802473
0.19115342555629086
0.32747471670455347
0.20326132922200255
0.0
0.0
0.0
0.0
0.0
0.0
0.0
0.0
0.0
0.0
0.0
0.0
0.0
0.0
0.0
0.0
0.0
0.0
0.0
0.0
0.0
0.0
0.0
0.0
0.0
0.0158075893740539
0.01959096940103666
0.0016739045164973296
0.02058499230179223
0.012228810111507143
0.07864426976132013
0.7132406250738711
0.6925469924056348
0.06535884991967313
0.0
0.0
0.0
0.0
0.0
0.0
0.0
0.0
0.0
0.0
0.0
0.0
0.0
0.0
0.0
0.0
0.0
0.0
0.0
0.0
0.0
0.0
0.0
0.0
0.0
0.0
0.0
0.026040631263898446
0.015613019726768656
0.005237866525415559
0.008628497720337067
0.010155991112627051
0.1310298845195427
0.9791501917691348
0.14972595617108797
0.022597829931174932
0.006009514273307485
0.002126488837849456
0.0
0.0
0.0
0.0
0.0
0.0
0.0
0.0
0.0
0.0
0.0
0.0
0.0
0.0
0.0
0.0
0.0
0.0
0.0
0.0
0.0
0.0
0.0
0.0
0.0
0.5963398226395307
0.47335251480126334
0.12002045332154797
0.2811166958365968
0.3652476582898426
0.27061587436969375
0.24395273375596266
0.1726149005494486
0.13044224494930312
0.09958641989207265
0.06328055729726134
0.0
0.0
0.0
0.0
0.0
0.0
0.0
0.0
0.0
0.0
0.0
0.0
0.0
0.0
0.0
0.0
0.0
0.0
0.0
0.0
0.0
0.0
0.0
0.0
0.0
0.39268294209679355
0.46726004103966307
0.39903307226755114
0.37797434327904145
0.29010327991927365
0.22782548637255212
0.053580722534587975
0.12997863642355445
0.09599144079166287
0.173167737220806
0.36103329092926684
0.0
0.0
0.0
0.0
0.0
0.0
0.0
0.0
0.0
0.0
0.0
0.0
0.0
0.0
0.0
0.0
0.0
0.0
0.0
0.0
0.0
0.0
0.0
0.0
0.0
0.6894904583858259
0.31183446431474876
0.36977941563552014
0.08320810073445563
0.23493039842491975
0.15920568718825476
0.08199721919060954
0.128242108886009
0.06384530991259575
0.08482908900578141
0.4107569197004104
0.0
0.0
0.0
0.0
0.0
0.0
0.0
0.0
0.0
0.0
0.0
0.0
0.0
0.0
0.0
0.0
0.0
0.0
0.0
0.0
0.0
0.0
0.0
0.0
0.0
0.2881448472864932
0.23259388801522718
0.35335517694667445
0.24126736200330443
0.32185289701957764
0.6127062377039777
0.25085452652769874
0.12404175898819914
0.07200036391247842
0.18171254240068677
0.2903217805028124
0.0
0.0
0.0
0.0
0.0
0.0
0.0
0.0
0.0
0.0
0.0
0.0
0.0
0.0
0.0
0.0
0.0
0.0
0.0
0.0
0.0
0.0
0.0
0.0
0.0
0.2649043391829179
0.34526559164429393
0.05152695237819182
0.2528270402120881
0.3390575642713833
0.29731489038633463
0.4604281764201662
0.32816688698021335
0.33380121804398505
0.32753433370443885
0.04790660721616579
0.0
0.0
0.0
0.0
0.0
0.0
0.0
0.0
0.0
0.0
0.0
0.0
0.0
0.0
0.0
0.0
0.0
0.0
0.0
0.0
0.0
0.0
0.0
0.0
0.0
0.12883531583981742
0.04955367767404865
0.06421189885123153
0.08533655652743291
0.14788130653052978
0.8559279962735195
0.4103110197067606
0.10582914706999372
0.11535654996417
0.11022756999474885
0.10023268375367664
0.0
0.0
0.0
0.0
0.0
0.0
0.0
0.0
0.0
0.0
0.0
0.0
0.0
0.0
0.0
0.0
0.0
0.0
0.0
0.0
0.0
0.0
0.0
0.0
0.0
0.022050852222548427
0.0328143245740467
0.585781918156969
0.1397344076073959
0.3479966228246716
0.17177422411051627
0.04999301004861779
0.10220211714998692
0.08929336090866306
0.06234351689270749
0.6784970110024341
0.0
0.0
0.0
0.0
0.0
0.0
0.0
0.0
0.0
0.0
0.0
0.0
0.0
0.0
0.0
0.0
0.0
0.0
0.0
0.0
0.0
0.0
0.0
0.0
0.0
0.023608872579920098
0.09993904459351892
0.037123216790364746
0.061569291358125514
0.12233609370858542
0.4731198107006778
0.8033505384178833
0.30131686657336143
0.09610081707682805
0.008399367782654366
0.0027503557658051787
0.0
0.0
0.0
0.0
0.0
0.0
0.0
0.0
0.0
0.0
0.0
0.0
0.0
0.0
0.0
0.0
0.0
0.0
0.0
0.0
0.0
0.0
0.0
0.0
0.0
0.3042804843455149
0.05207975997210827
0.03658116238684168
0.014518644149927656
0.11798584327516798
0.4218331726718198
0.3963065509662099
0.48804180633168637
0.3940791847635101
0.3627646914813567
0.17072760726605124
0.0
0.0
0.0
0.0
0.0
0.0
0.0
0.0
0.0
0.0
0.0
0.0
0.0
0.0
0.0
0.0
0.0
0.0
0.0
0.0
0.0
0.0
0.0
0.0
0.0
0.0030740721383740125
0.03780368036523186
0.03353768557127051
0.020262733196231564
0.04941489636655646
0.2694562358238816
0.7847508028623713
0.49268601081933333
0.22076049494738637
0.11348878505642619
0.04230075413957068
0.0
0.0
0.0
0.0
0.0
0.0
0.0
0.0
0.0
0.0
0.0
0.0
0.0
0.0
0.0
0.0
0.0
0.0
0.0
0.0
0.0
0.0
0.0
0.0
0.0
0.008087702630043025
0.013323119893849107
0.012400158007100455
0.005103242700001738
0.057441200979710366
0.27299331252930675
0.8567304591963684
0.4306145025179568
0.04127713570484726
0.01541608217674718
0.01987584631674262
0.0
0.0
0.0
0.0
0.0
0.0
0.0
0.0
0.0
0.0
0.0
0.0
0.0
0.0
0.0
0.0
0.0
0.0
0.0
0.0
0.0
0.0
0.0
0.0
0.0
0.23449322388311408
0.5492393877024075
0.17377192047334503
0.18733344921581419
0.08265772449926541
0.13655716813748525
0.26389202648797433
0.26886240788477994
0.26764078067146063
0.36416023015073307
0.45432158775539006
0.0
0.0
0.0
0.0
0.0
0.0
0.0
0.0
0.0
0.0
0.0
0.0
0.0
0.0
0.0
0.0
0.0
0.0
0.0
0.0
0.0
0.0
0.0
0.0
0.0
0.3574528903059946
0.33858853026601715
0.2646860508317004
0.20370746435498294
0.21465493496043683
0.23993554300480063
0.2859615191389347
0.22472379906031675
0.5092866426780044
0.3141397214463501
0.22815032468204027
0.0
0.0
0.0
0.0
0.0
0.0
0.0
0.0
0.0
0.0
0.0
0.0
0.0
0.0
0.0
0.0
0.0
0.0
0.0
0.0
0.0
0.0
0.0
0.0
0.0
0.29603706638631244
0.06661453017515899
0.4395717116599672
0.2618878760044935
0.2455652438961454
0.050858987732358266
0.07748785159450632
0.06148497856870759
0.2723831597420819
0.5234453805093622
0.47461001142009096
0.0
0.0
0.0
0.0
0.0
0.0
0.0
0.0
0.0
0.0
0.0
0.0
0.0
0.0
0.0
0.0
0.0
0.0
0.0
0.0
0.0
0.0
0.0
0.0
0.0
0.28361199160001355
0.19364741628269666
0.5125216585267725
0.22354381848128566
0.14331328242536548
0.15374085724497488
0.20911882573865087
0.28794513152452544
0.15063608409043192
0.31035376420925614
0.5287588374728002
0.0
0.0
0.0
0.0
0.0
0.0
0.0
0.0
0.0
0.0
0.0
0.0
0.0
0.0
0.0
0.0
0.0
0.0
0.0
0.0
0.0
0.0
0.0
0.0
0.0
0.03996204829917655
0.1960815830545705
0.4051917120529877
0.28295757315309267
0.26397270085653995
0.09408246384811725
0.015686498348827217
0.022371411749368856
0.013460350436664863
0.32295537444183275
0.7293481594899314
0.0
0.0
0.0
0.0
0.0
0.0
0.0
0.0
0.0
0.0
0.0
0.0
0.0
0.0
0.0
0.0
0.0
0.0
0.0
0.0
0.0
0.0
0.0
0.0
0.0
0.04474237730525341
0.05946188289693071
0.21048141689947392
0.10626290318239509
0.05036514845107531
0.37211976018610393
0.6937868486998369
0.5484558126350924
0.05673448237089287
0.04209308206664329
0.10355582896858222
0.0
0.0
0.0
0.0
0.0
0.0
0.0
0.0
0.0
0.0
0.0
0.0
0.0
0.0
0.0
0.0
0.0
0.0
0.0
0.0
0.0
0.0
0.0
0.0
0.0
0.40815823246785854
0.09736345055412746
0.013716409334091429
0.07396319596120274
0.1434349861788505
0.4894253300978361
0.6922081686350513
0.2666349964601912
0.08111785237377586
0.023262840937441673
0.028109370625410038
0.0
0.0
0.0
0.0
0.0
0.0
0.0
0.0
0.0
0.0
0.0
0.0
0.0
0.0
0.0
0.0
0.0
0.0
0.0
0.0
0.0
0.0
0.0
0.0
0.0
0.07443888107478178
0.12345775914698322
0.19886926640284258
0.08794181494781014
0.15289337829560729
0.25712772451881843
0.6096416253298237
0.5996703599495087
0.2754793913714711
0.15480667206425797
0.1064038636008204
0.0
0.0
0.0
0.0
0.0
0.0
0.0
0.0
0.0
0.0
0.0
0.0
0.0
0.0
0.0
0.0
0.0
0.0
0.0
0.0
0.0
0.0
0.0
0.0
0.0
0.0340995903404718
0.013533736642269789
0.04153956392711797
0.16296836586630417
0.4078744136082691
0.811703174832722
0.3469456208848601
0.11088814884680782
0.05180071391827593
0.07795561718148501
0.06097879417034168
0.0
0.0
0.0
0.0
0.0
0.0
0.0
0.0
0.0
0.0
0.0
0.0
0.0
0.0
0.0
0.0
0.0
0.0
0.0
0.0
0.0
0.0
0.0
0.0
0.0
0.05526194417471091
0.033388053219642326
0.20605617717687802
0.18977012744479616
0.33056136702028577
0.7626086946413497
0.3440224860305568
0.10130803740892695
0.20141533069049758
0.1734063295157433
0.1651181019894209
0.0
0.0
0.0
0.0
0.0
0.0
0.0
0.0
0.0
0.0
0.0
0.0
0.0
0.0
0.0
0.0
0.0
0.0
0.0
0.0
0.0
0.0
0.0
0.0
0.0
0.040373463580014556
0.016615561121924194
0.19924559786213886
0.1846220470192339
0.5816883118776067
0.7011128268909083
0.005136226703898647
0.013613053898782713
0.028346435042596464
0.08143961091340329
0.29451941053453007
0.0
0.0
0.0
0.0
0.0
0.0
0.0
0.0
0.0
0.0
0.0
0.0
0.0
0.0
0.0
0.0
0.0
0.0
0.0
0.0
0.0
0.0
0.0
0.0
0.0
0.09131876307683366
0.09844547277089596
0.49387154287521484
0.12977948441041287
0.07683363837625709
0.03992833542618969
0.02171981815788564
0.11026492782299283
0.1978245129659436
0.2694522804068251
0.7676918019973523
0.0
0.0
0.0
0.0
0.0
0.0
0.0
0.0
0.0
0.0
0.0
0.0
0.0
0.0
0.0
0.0
0.0
0.0
0.0
0.0
0.0
0.0
0.0
0.0
0.0
0.15310020960561982
0.11782885948458147
0.5646883591780346
0.09423437341768555
0.0692721394766549
0.11877323565189195
0.22001469039543878
0.23454086767061164
0.15033866568608142
0.2546973416576253
0.6520196177313714
0.0
0.0
0.0
0.0
0.0
0.0
0.0
0.0
0.0
0.0
0.0
0.0
0.0
0.0
0.0
0.0
0.0
0.0
0.0
0.0
0.0
0.0
0.0
0.0
0.0
0.22425233837396238
0.13360497736312033
0.7083098230166328
0.2927552597980262
0.13673002862163391
0.04654068820201149
0.042713780966724686
0.0
0.026274780957234366
0.174638683790515
0.5390524221040559
0.0
0.0
0.0
0.0
0.0
0.0
0.0
0.0
0.0
0.0
0.0
0.0
0.0
0.0
0.0
0.0
0.0
0.0
0.0
0.0
0.0
0.0
0.0
0.0
0.0
0.12416476634516563
0.054156279111051565
0.8536549054306461
0.2030749799620148
0.015235457094045517
0.0
0.0
0.0
0.0
0.015202184811456524
0.45958768217067375
0.0
0.0
0.0
0.0
0.0
0.0
0.0
0.0
0.0
0.0
0.0
0.0
0.0
0.0
0.0
0.0
0.0
0.0
0.0
0.0
0.0
0.0
0.0
0.0
0.0
0.0937466805079821
0.06546612978161817
0.6280109561971288
0.016046857647513554
0.0
0.0
0.0
0.0
0.015178571574146808
0.05848251699688124
0.7672156731792158
0.0
0.0
0.0
0.0
0.0
0.0
0.0
0.0
0.0
0.0
0.0
0.0
0.0
0.0
0.0
0.0
0.0
0.0
0.0
0.0
0.0
0.0
0.0
0.0
0.0
0.182102669929802
0.09193570942772651
0.7190581291635135
0.1380516041402727
0.08449495612221067
0.11941302594712759
0.044811851436343454
0.0
0.002924695376724173
0.0583613885307898
0.6288577172105295
0.0
0.0
0.0
0.0
0.0
0.0
0.0
0.0
0.0
0.0
0.0
0.0
0.0
0.0
0.0
0.0
0.0
0.0
0.0
0.0
0.0
0.0
0.0
0.0
0.0
0.01630548486090415
0.08792430603627531
0.0
0.0018631908123574485
0.04762903715038818
0.6296682384353824
0.7563752371664136
0.1429766773960681
0.021241638495722467
0.015884694946564613
0.0
0.0
0.0
0.0
0.0
0.0
0.0
0.0
0.0
0.0
0.0
0.0
0.0
0.0
0.0
0.0
0.0
0.0
0.0
0.0
0.0
0.0
0.0
0.0
0.0
0.0
0.6280521114852771
0.27773040834745183
0.03465358673982462
0.1341064651173835
0.4220038450862905
0.5391566778561626
0.18428559527379088
0.057510981024053345
0.04681399525464351
0.021932015308854195
0.022639013281202557
0.0
0.0
0.0
0.0
0.0
0.0
0.0
0.0
0.0
0.0
0.0
0.0
0.0
0.0
0.0
0.0
0.0
0.0
0.0
0.0
0.0
0.0
0.0
0.0
0.0
0.02580704928729966
0.10124643237857386
0.02507351416453742
0.024119111206122243
0.11546798048203966
0.646907328336606
0.6818526205722917
0.29790960475586986
0.04332620393805059
0.014636198027983861
0.016920121159704322
0.0
0.0
0.0
0.0
0.0
0.0
0.0
0.0
0.0
0.0
0.0
0.0
0.0
0.0
0.0
0.0
0.0
0.0
0.0
0.0
0.0
0.0
0.0
0.0
0.0
0.47684079900672266
0.4391527613399705
0.47944640560517227
0.1484810178272098
0.02265983942130398
0.10557446917536055
0.2477315488477859
0.21445535421756196
0.09472556733503883
0.12715802006577892
0.4285891795438031
0.0
0.0
0.0
0.0
0.0
0.0
0.0
0.0
0.0
0.0
0.0
0.0
0.0
0.0
0.0
0.0
0.0
0.0
0.0
0.0
0.0
0.0
0.0
0.0
0.0
0.16696226469933192
0.15470813616211523
0.6621096310048805
0.1047820138140002
0.011901093289583083
0.0
0.0
0.0
0.015712040360019365
0.18175845427081658
0.6821993264073921
0.0
0.0
0.0
0.0
0.0
0.0
0.0
0.0
0.0
0.0
0.0
0.0
0.0
0.0
0.0
0.0
0.0
0.0
0.0
0.0
0.0
0.0
0.0
0.0
0.0
0.1543286336044004
0.04055445345633772
0.6922432974480752
0.11030821648080706
0.010657045375119276
0.0
0.0
0.0
0.01147532718852148
0.05958329946579431
0.6923683256361849
0.0
0.0
0.0
0.0
0.0
0.0
0.0
0.0
0.0
0.0
0.0
0.0
0.0
0.0
0.0
0.0
0.0
0.0
0.0
0.0
0.0
0.0
0.0
0.0
0.0
0.2275562183009792
0.037974251284556955
0.8183852687516934
0.04092193428919128
0.0
0.0
0.0
0.002714400803155108
0.027424270531051405
0.09086699477393698
0.5160724770912095
0.0
0.0
0.0
0.0
0.0
0.0
0.0
0.0
0.0
0.0
0.0
0.0
0.0
0.0
0.0
0.0
0.0
0.0
0.0
0.0
0.0
0.0
0.0
0.0
0.0
0.33467147626972943
0.13832482876639826
0.688904515336823
0.15331672930019521
0.006662305992873569
0.0
0.0
0.0
0.0
0.014962894440596246
0.6086850741165181
0.0
0.0
0.0
0.0
0.0
0.0
0.0
0.0
0.0
0.0
0.0
0.0
0.0
0.0
0.0
0.0
0.0
0.0
0.0
0.0
0.0
0.0
0.0
0.0
0.0
0.538576501508421
0.12812134219115118
0.6233303384897446
0.22475087695564888
0.04653379493502682
0.01563251204081615
0.0015478883988904654
0.009434030351162965
0.032914547438551184
0.16680550326273674
0.4722901612158272
0.0
0.0
0.0
0.0
0.0
0.0
0.0
0.0
0.0
0.0
0.0
0.0
0.0
0.0
0.0
0.0
0.0
0.0
0.0
0.0
0.0
0.0
0.0
0.0
0.0
0.3378022802930873
0.00863148174626293
0.7485637548543315
0.02945937165365886
0.0032765373979025346
0.0037166384743357495
0.007172728456264901
0.015357355976849096
0.026344184955443925
0.028088271063944313
0.5681590927940048
0.0
0.0
0.0
0.0
0.0
0.0
0.0
0.0
0.0
0.0
0.0
0.0
0.0
0.0
0.0
0.0
0.0
0.0
0.0
0.0
0.0
0.0
0.0
0.0
0.0
0.3689820817842092
0.07084068203023398
0.43581113304459423
0.09944388013738278
0.19189878248953632
0.142065516789975
0.017390433762122834
0.030285374529758623
0.05625906847101594
0.05176775232195709
0.7713242017887069
0.0
0.0
0.0
0.0
0.0
0.0
0.0
0.0
0.0
0.0
0.0
0.0
0.0
0.0
0.0
0.0
0.0
0.0
0.0
0.0
0.0
0.0
0.0
0.0
0.0
0.0
0.002630704406260155
0.2407630849544693
0.11846239571057966
0.08389663601363101
0.33581033431661894
0.4993391770439218
0.48744675443299407
0.36600530725878394
0.39667277916506455
0.17301017352025044
0.0
0.0
0.0
0.0
0.0
0.0
0.0
0.0
0.0
0.0
0.0
0.0
0.0
0.0
0.0
0.0
0.0
0.0
0.0
0.0
0.0
0.0
0.0
0.0
0.0
0.00943209268603667
0.03650140512959514
0.1103608784673151
0.11011172725372187
0.059618378336285215
0.10999648211950454
0.057554686496120354
0.04100554672454759
0.0657072065408855
0.8334749748431756
0.504607790745498
0.0
0.0
0.0
0.0
0.0
0.0
0.0
0.0
0.0
0.0
0.0
0.0
0.0
0.0
0.0
0.0
0.0
0.0
0.0
0.0
0.0
0.0
0.0
0.0
0.0
0.035378718599836934
0.03403205640182806
0.17050429360145003
0.24752529196066173
0.16418341690166774
0.2971986937335891
0.5404759801428684
0.4425834623249713
0.22973137518504264
0.43661125493113373
0.24610185748220942
0.0
0.0
0.0
0.0
0.0
0.0
0.0
0.0
0.0
0.0
0.0
0.0
0.0
0.0
0.0
0.0
0.0
0.0
0.0
0.0
0.0
0.0
0.0
0.0
0.0
0.1721513491255019
0.05331400390043119
0.7475581302595234
0.06365943585791435
0.00759869783420101
0.002797562507906714
0.004028196198704545
0.004032899265418925
0.0008024969173991877
0.053854679899680916
0.6337403414153551
0.0
0.0
0.0
0.0
0.0
0.0
0.0
0.0
0.0
0.0
0.0
0.0
0.0
0.0
0.0
0.0
0.0
0.0
0.0
0.0
0.0
0.0
0.0
0.0
0.0
0.20217346784616355
0.031994917621920055
0.5028694845091546
0.012862481214013913
0.001565243075875288
0.0
0.0
0.0027840286526379866
0.0036999970005990187
0.011356799299836616
0.8395869130723589
0.0
0.0
0.0
0.0
0.0
0.0
0.0
0.0
0.0
0.0
0.0
0.0
0.0
0.0
0.0
0.0
0.0
0.0
0.0
0.0
0.0
0.0
0.0
0.0
0.0
0.2426650278517333
0.038668408236336764
0.7784601812439063
0.03463282079224135
0.00811791249447765
0.0018012772944189786
0.0
0.0
0.010477575564281437
0.017240507698981864
0.5761445934878493
0.0
0.0
0.0
0.0
0.0
0.0
0.0
0.0
0.0
0.0
0.0
0.0
0.0
0.0
0.0
0.0
0.0
0.0
0.0
0.0
0.0
0.0
0.0
0.0
0.0
0.2866172847383528
0.01433179963038653
0.6512978837665543
0.04858731171162717
0.00019183531429132724
0.001799860965608215
0.0034607573745691327
0.0
0.002484295753854685
0.04580967105773175
0.6992678460509352
0.0
0.0
0.0
0.0
0.0
0.0
0.0
0.0
0.0
0.0
0.0
0.0
0.0
0.0
0.0
0.0
0.0
0.0
0.0
0.0
0.0
0.0
0.0
0.0
0.0
0.2461406248842663
0.05477896386948653
0.7628130121538792
0.05062172296424085
0.021024224980119348
0.0
0.0
0.003433963756571749
0.016883806488555413
0.029688071385312164
0.5919016412416905
0.0
0.0
0.0
0.0
0.0
0.0
0.0
0.0
0.0
0.0
0.0
0.0
0.0
0.0
0.0
0.0
0.0
0.0
0.0
0.0
0.0
0.0
0.0
0.0
0.0
0.807941938257434
0.29131529133102285
0.4136168702367681
0.08200559107379299
0.04686156576925402
0.016729566207895785
0.01988513836673244
0.028735601013955496
0.048596385872826046
0.12189851125943633
0.25227663216636814
0.0
0.0
0.0
0.0
0.0
0.0
0.0
0.0
0.0
0.0
0.0
0.0
0.0
0.0
0.0
0.0
0.0
0.0
0.0
0.0
0.0
0.0
0.0
0.0
0.0
0.9617280886114591
0.03784835294046697
0.11124708888409657
0.06712662552924556
0.06027345818604038
0.13707884157855965
0.11658778363314114
0.07629325664628771
0.032434106082582737
0.04673042085397324
0.10813007339468315
0.0
0.0
0.0
0.0
0.0
0.0
0.0
0.0
0.0
0.0
0.0
0.0
0.0
0.0
0.0
0.0
0.0
0.0
0.0
0.0
0.0
0.0
0.0
0.0
0.0
0.37761671654936346
0.08616501197679245
0.2063292901533735
0.12930745753874254
0.32906075723685163
0.5797721316716963
0.531861618835627
0.11156635264065178
0.0643232582509083
0.09947893069294506
0.19213259247441195
0.0
0.0
0.0
0.0
0.0
0.0
0.0
0.0
0.0
0.0
0.0
0.0
0.0
0.0
0.0
0.0
0.0
0.0
0.0
0.0
0.0
0.0
0.0
0.0
0.0
0.1581499491682406
0.07781434543222901
0.10711692361168823
0.5974371500588158
0.4452094574683886
0.1528856294782899
0.0939762989922985
0.04294173725362927
0.03324468176271263
0.46979714460319266
0.38269146501440005
0.0
0.0
0.0
0.0
0.0
0.0
0.0
0.0
0.0
0.0
0.0
0.0
0.0
0.0
0.0
0.0
0.0
0.0
0.0
0.0
0.0
0.0
0.0
0.0
0.0
0.13697215030263654
0.13666292136254174
0.09989395786123391
0.0972633891034736
0.040574980400124167
0.12817865293703928
0.29445976306423616
0.35695838128567964
0.5576233312533111
0.5419330222576565
0.3260150180291259
0.0
0.0
0.0
0.0
0.0
0.0
0.0
0.0
0.0
0.0
0.0
0.0
0.0
0.0
0.0
0.0
0.0
0.0
0.0
0.0
0.0
0.0
0.0
0.0
0.0
0.17289041245358772
0.25098927960022693
0.056327222032326076
0.009319404244400021
0.0062134389272650425
0.00918880040945613
0.015469649498853611
0.052883903691844876
0.5611163598069515
0.6889714085205314
0.33340883366625934
0.0
0.0
0.0
0.0
0.0
0.0
0.0
0.0
0.0
0.0
0.0
0.0
0.0
0.0
0.0
0.0
0.0
0.0
0.0
0.0
0.0
0.0
0.0
0.0
0.0
0.5053820473129468
0.04303656762249509
0.08170291871853655
0.013275995923915613
0.009006715854298485
0.02620351893751685
0.02882529293109639
0.10271236134579613
0.474199467880437
0.5827831864355199
0.399043069549065
0.0
0.0
0.0
0.0
0.0
0.0
0.0
0.0
0.0
0.0
0.0
0.0
0.0
0.0
0.0
0.0
0.0
0.0
0.0
0.0
0.0
0.0
0.0
0.0
0.0
0.9200475833801924
0.023533133589877214
0.1365858084427802
0.2420203418001256
0.06457632250071783
0.06541448761504844
0.010565805235769582
0.048733825773489794
0.08594612667919005
0.1594599823767251
0.1788270273853855
0.0
0.0
0.0
0.0
0.0
0.0
0.0
0.0
0.0
0.0
0.0
0.0
0.0
0.0
0.0
0.0
0.0
0.0
0.0
0.0
0.0
0.0
0.0
0.0
0.0
0.9890219088853306
0.04400047601059522
0.03526277396947709
0.036076121036882194
0.042092415883908364
0.013268417307378804
0.012919063610116022
0.022186829618772573
0.04768079621082423
0.09186700302714264
0.06351919048759128
0.0
0.0
0.0
0.0
0.0
0.0
0.0
0.0
0.0
0.0
0.0
0.0
0.0
0.0
0.0
0.0
0.0
0.0
0.0
0.0
0.0
0.0
0.0
0.0
0.0
0.9776191931151083
0.07293112668577112
0.10784204904121393
0.0532941328595001
0.010753853623166013
0.012721999055878267
0.012237066094985712
0.03435673363379414
0.02957834256233138
0.07912343140397413
0.12541359802054192
0.0
0.0
0.0
0.0
0.0
0.0
0.0
0.0
0.0
0.0
0.0
0.0
0.0
0.0
0.0
0.0
0.0
0.0
0.0
0.0
0.0
0.0
0.0
0.0
0.0
0.986385506922283
0.06545841912996811
0.05000718112122537
0.056631396100580794
0.04792919579554616
0.018151273426662284
0.009542077958408723
0.005975536911305055
0.01954742855377436
0.041705406953351114
0.1103454400902665
0.0
0.0
0.0
0.0
0.0
0.0
0.0
0.0
0.0
0.0
0.0
0.0
0.0
0.0
0.0
0.0
0.0
0.0
0.0
0.0
0.0
0.0
0.0
0.0
0.0
0.5389692496025992
0.10685853277444685
0.5867831689335642
0.17643541908864377
0.1302471760274891
0.026381994402696455
0.03614257053120865
0.021560909445354163
0.15712357581769862
0.1952623181991031
0.4903088534838637
0.0
0.0
0.0
0.0
0.0
0.0
0.0
0.0
0.0
0.0
0.0
0.0
0.0
0.0
0.0
0.0
0.0
0.0
0.0
0.0
0.0
0.0
0.0
0.0
0.0
0.2498197234675827
0.15074151778029501
0.27151754066876366
0.3703936405428795
0.425093478517132
0.08119080903971837
0.18417760540587844
0.173077368195759
0.43824610330699165
0.3227387667288132
0.3956770646121926
0.0
0.0
0.0
0.0
0.0
0.0
0.0
0.0
0.0
0.0
0.0
0.0
0.0
0.0
0.0
0.0
0.0
0.0
0.0
0.0
0.0
0.0
0.0
0.0
0.0
0.1133765001274327
0.07105354244771311
0.009728568783604934
0.014583140029537004
0.020151959189120463
0.41273011057428544
0.836726090792701
0.31053378443356033
0.05829433275578616
0.05560736049625315
0.0894729825494724
0.0
0.0
0.0
0.0
0.0
0.0
0.0
0.0
0.0
0.0
0.0
0.0
0.0
0.0
0.0
0.0
0.0
0.0
0.0
0.0
0.0
0.0
0.0
0.0
0.0
0.13637998404589913
0.760649823073878
0.13831362966031532
0.1694871048697086
0.19539465388735472
0.08994329414620071
0.05275267620832229
0.03366434831085835
0.12464549245510811
0.3450708371287479
0.41250506202023357
0.0
0.0
0.0
0.0
0.0
0.0
0.0
0.0
0.0
0.0
0.0
0.0
0.0
0.0
0.0
0.0
0.0
0.0
0.0
0.0
0.0
0.0
0.0
0.0
0.0
0.06664781184386721
0.06489273420590726
0.08666597881320157
0.1949256334039096
0.42742657399984946
0.5812033720763565
0.5365398188651822
0.35103743718578345
0.03756922013731523
0.0434349139437474
0.10463686885171751
0.0
0.0
0.0
0.0
0.0
0.0
0.0
0.0
0.0
0.0
0.0
0.0
0.0
0.0
0.0
0.0
0.0
0.0
0.0
0.0
0.0
0.0
0.0
0.0
0.0
0.0524877398214903
0.008684157457483629
0.0902236371645718
0.16433112515681297
0.30272624061358544
0.5132982418732929
0.36187037758787216
0.6230246219373732
0.27824151984964823
0.08453290837638688
0.056853598217879206
0.0
0.0
0.0
0.0
0.0
0.0
0.0
0.0
0.0
0.0
0.0
0.0
0.0
0.0
0.0
0.0
0.0
0.0
0.0
0.0
0.0
0.0
0.0
0.0
0.0
0.10727035188635489
0.017430475884298368
0.04546351682446639
0.03284770087086602
0.2000738179789462
0.8846657933262145
0.30847109756490726
0.1712046222111844
0.10137368072083282
0.06885402315411064
0.15131856605562946
0.0
0.0
0.0
0.0
0.0
0.0
0.0
0.0
0.0
0.0
0.0
0.0
0.0
0.0
0.0
0.0
0.0
0.0
0.0
0.0
0.0
0.0
0.0
0.0
0.0
0.2344336007215926
0.4153996730915357
0.6010124546310406
0.1116327030635936
0.09035147382798134
0.25614644289442595
0.18433778972455603
0.18693500601800045
0.1322068178543234
0.1709722674591506
0.45759862574106497
0.0
0.0
0.0
0.0
0.0
0.0
0.0
0.0
0.0
0.0
0.0
0.0
0.0
0.0
0.0
0.0
0.0
0.0
0.0
0.0
0.0
0.0
0.0
0.0
0.0
0.15562476046224322
0.15921429492845254
0.556144181228781
0.27555700987118
0.10865905286965707
0.13381338948011862
0.0857961913936357
0.10260078387144916
0.3587716325179475
0.24220762781979294
0.5746489247015658
0.0
0.0
0.0
0.0
0.0
0.0
0.0
0.0
0.0
0.0
0.0
0.0
0.0
0.0
0.0
0.0
0.0
0.0
0.0
0.0
0.0
0.0
0.0
0.0
0.0
0.2508922952109608
0.12398769712997428
0.6212704315437122
0.08542228445180378
0.07515160260057771
0.09543518195992186
0.09908525815356822
0.11766012631871609
0.10573374402257885
0.2339222166667978
0.6512215692523645
0.0
0.0
0.0
0.0
0.0
0.0
0.0
0.0
0.0
0.0
0.0
0.0
0.0
0.0
0.0
0.0
0.0
0.0
0.0
0.0
0.0
0.0
0.0
0.0
0.0
0.22853957743176936
0.2588131353139696
0.49374048063958315
0.5131311112148217
0.33028962589174393
0.11425901002964467
0.08900121333289891
0.11041250073526253
0.19005585549016563
0.2514870498696022
0.3634236700068905
0.0
0.0
0.0
0.0
0.0
0.0
0.0
0.0
0.0
0.0
0.0
0.0
0.0
0.0
0.0
0.0
0.0
0.0
0.0
0.0
0.0
0.0
0.0
0.0
0.0
0.45550984393222427
0.1369638300281309
0.393264903720498
0.2589842722705844
0.13357237626951182
0.018445787450228172
0.06698179843233518
0.04222669866864606
0.07848391056403112
0.2729280059859827
0.6685212417833231
0.0
0.0
0.0
0.0
0.0
0.0
0.0
0.0
0.0
0.0
0.0
0.0
0.0
0.0
0.0
0.0
0.0
0.0
0.0
0.0
0.0
0.0
0.0
0.0
0.0
0.2596568451067296
0.3542137421916641
0.5303092899373286
0.26439857424358665
0.1486692529956834
0.08672580626072762
0.08658090745319812
0.14411876346569652
0.16017859748237548
0.321671314169077
0.518610062907645
0.0
0.0
0.0
0.0
0.0
0.0
0.0
0.0
0.0
0.0
0.0
0.0
0.0
0.0
0.0
0.0
0.0
0.0
0.0
0.0
0.0
0.0
0.0
0.0
0.0
0.04233466142647129
0.06345972459234663
0.33940096908069134
0.2806204656403881
0.21661397802423538
0.1532238148658193
0.2742581206930361
0.18144926999288136
0.3924702002460398
0.5978225589023681
0.33207619452339965
0.0
0.0
0.0
0.0
0.0
0.0
0.0
0.0
0.0
0.0
0.0
0.0
0.0
0.0
0.0
0.0
0.0
0.0
0.0
0.0
0.0
0.0
0.0
0.0
0.0
0.24750747432057063
0.30329133404445163
0.5837956339094494
0.16170655675876938
0.16565244979732482
0.175824434296099
0.023103143022325266
0.12037871975967418
0.19434039523297186
0.2933428398487618
0.5315920391246897
0.0
0.0
0.0
0.0
0.0
0.0
0.0
0.0
0.0
0.0
0.0
0.0
0.0
0.0
0.0
0.0
0.0
0.0
0.0
0.0
0.0
0.0
0.0
0.0
0.0
0.1593492907143698
0.3584020148426546
0.24806713553830592
0.31674968533930975
0.6143593858895943
0.22897454921207
0.13653933828408724
0.14803579726425117
0.12393763239684913
0.2493999320497488
0.3691922022335199
0.0
0.0
0.0
0.0
0.0
0.0
0.0
0.0
0.0
0.0
0.0
0.0
0.0
0.0
0.0
0.0
0.0
0.0
0.0
0.0
0.0
0.0
0.0
0.0
0.0
0.09641553150043897
0.17560888999807234
0.7205100966547432
0.2554790967378569
0.06126275965697871
0.33813354849638655
0.07493845667024863
0.07535050066938807
0.2413055282554183
0.1709500922060594
0.3982813204470353
0.0
0.0
0.0
0.0
0.0
0.0
0.0
0.0
0.0
0.0
0.0
0.0
0.0
0.0
0.0
0.0
0.0
0.0
0.0
0.0
0.0
0.0
0.0
0.0
0.0
0.06973878528805875
0.050386747841885474
0.19173070222429708
0.3968127095117485
0.4948527941031854
0.692695165207919
0.1514854421019389
0.07466921658771981
0.1142009750104508
0.1078794873213746
0.14306513053895129
0.0
0.0
0.0
0.0
0.0
0.0
0.0
0.0
0.0
0.0
0.0
0.0
0.0
0.0
0.0
0.0
0.0
0.0
0.0
0.0
0.0
0.0
0.0
0.0
0.0
0.6593990934954322
0.12247750048668728
0.28202714943121976
0.1864197748080843
0.26913891434194265
0.2844534163218959
0.1306627797300785
0.07017385016634653
0.4136883493108833
0.26372835249492677
0.14093659967010133
0.0
0.0
0.0
0.0
0.0
0.0
0.0
0.0
0.0
0.0
0.0
0.0
0.0
0.0
0.0
0.0
0.0
0.0
0.0
0.0
0.0
0.0
0.0
0.0
0.0
0.4911541364116145
0.24335589543778924
0.530125527117741
0.20374208729460538
0.1910299804270196
0.08009686449170751
0.05656059806840782
0.07355998844896593
0.14222965938697815
0.2944192629752003
0.46751630678126455
0.0
0.0
0.0
0.0
0.0
0.0
0.0
0.0
0.0
0.0
0.0
0.0
0.0
0.0
0.0
0.0
0.0
0.0
0.0
0.0
0.0
0.0
0.0
0.0
0.0
0.7578200379064659
0.10419732785362433
0.10347496534026729
0.16841679538910187
0.22692605382713407
0.05541372948069691
0.05442136689695652
0.18562840428537639
0.19391199815899599
0.3198433475051807
0.37933242235272346
0.0
0.0
0.0
0.0
0.0
0.0
0.0
0.0
0.0
0.0
0.0
0.0
0.0
0.0
0.0
0.0
0.0
0.0
0.0
0.0
0.0
0.0
0.0
0.0
0.0
0.33204216514843843
0.34508243065685973
0.28619557227881465
0.21438584258343635
0.24250253060130614
0.2816629736456882
0.26490336215858135
0.19809828292590728
0.40099881481279587
0.38332537707921654
0.29580449333471887
0.0
0.0
0.0
0.0
0.0
0.0
0.0
0.0
0.0
0.0
0.0
0.0
0.0
0.0
0.0
0.0
0.0
0.0
0.0
0.0
0.0
0.0
0.0
0.0
0.0
0.6257738616628145
0.41210285137440317
0.34770706758583847
0.26411917610273583
0.1089550200652654
0.03909170572785584
0.07899383276795843
0.1481199383742013
0.22095937205726385
0.28247116665245536
0.2787961014988191
0.0
0.0
0.0
0.0
0.0
0.0
0.0
0.0
0.0
0.0
0.0
0.0
0.0
0.0
0.0
0.0
0.0
0.0
0.0
0.0
0.0
0.0
0.0
0.0
0.0
0.6600811935339762
0.329099508092746
0.16988883067420538
0.30959844103593565
0.3644028557494035
0.19106499282161477
0.23211147057365805
0.13359985712279576
0.10105585482631368
0.20332408835677374
0.1967232121027197
0.0
0.0
0.0
0.0
0.0
0.0
0.0
0.0
0.0
0.0
0.0
0.0
0.0
0.0
0.0
0.0
0.0
0.0
0.0
0.0
0.0
0.0
0.0
0.0
0.0
0.4490550447665899
0.3712836651642159
0.4191765892349731
0.32670493568933034
0.24274958472517108
0.203561995416736
0.06209017240944824
0.20704266600513352
0.2637960464518849
0.2952207484134835
0.2724381259100324
0.0
0.0
0.0
0.0
0.0
0.0
0.0
0.0
0.0
0.0
0.0
0.0
0.0
0.0
0.0
0.0
0.0
0.0
0.0
0.0
0.0
0.0
0.0
0.0
0.0
0.4838024627978917
0.13400927630540366
0.3587282496863452
0.3770600968733731
0.2383536714745591
0.027524100485880516
0.050934167919908284
0.03542960740840861
0.08474263917112983
0.2984782183473935
0.5651780781314164
0.0
0.0
0.0
0.0
0.0
0.0
0.0
0.0
0.0
0.0
0.0
0.0
0.0
0.0
0.0
0.0
0.0
0.0
0.0
0.0
0.0
0.0
0.0
0.0
0.0
0.3602093282013471
0.4599407781948705
0.4206274615164325
0.2084766140872418
0.06980379503105216
0.09417322219165067
0.029103841495717174
0.010412105393581672
0.1001037952159373
0.19327323886679856
0.6133855513796077
0.0
0.0
0.0
0.0
0.0
0.0
0.0
0.0
0.0
0.0
0.0
0.0
0.0
0.0
0.0
0.0
0.0
0.0
0.0
0.0
0.0
0.0
0.0
0.0
0.0
0.8735806611101732
0.30975499061608835
0.12774605821848276
0.08566081055525386
0.13218428292720139
0.06339706437004515
0.06278345842605403
0.043025213173364996
0.08146978158116198
0.1536415828884303
0.2443848995330614
0.0
0.0
0.0
0.0
0.0
0.0
0.0
0.0
0.0
0.0
0.0
0.0
0.0
0.0
0.0
0.0
0.0
0.0
0.0
0.0
0.0
0.0
0.0
0.0
0.0
0.2977569571299869
0.6162484336833071
0.41668529430308393
0.18605756064752982
0.12943522361699378
0.1124360682671276
0.11053860932848028
0.16756940897119327
0.28204285422748204
0.370802203631039
0.19130741942539822
0.0
0.0
0.0
0.0
0.0
0.0
0.0
0.0
0.0
0.0
0.0
0.0
0.0
0.0
0.0
0.0
0.0
0.0
0.0
0.0
0.0
0.0
0.0
0.0
0.0
0.442294699122915
0.2923565279994846
0.29551601206724154
0.24254593979174255
0.18337964977285673
0.3936716583695859
0.11112353712816966
0.19858410486835587
0.3253011841678784
0.39885632014505473
0.2597075876078233
0.0
0.0
0.0
0.0
0.0
0.0
0.0
0.0
0.0
0.0
0.0
0.0
0.0
0.0
0.0
0.0
0.0
0.0
0.0
0.0
0.0
0.0
0.0
0.0
0.0
0.427190252854221
0.16418117848737057
0.4634527233321687
0.1336554147870984
0.03644091718635931
0.1124183604292811
0.13919807536009554
0.1350345573023867
0.39435460359734437
0.456245895893909
0.3776886242338763
0.0
0.0
0.0
0.0
0.0
0.0
0.0
0.0
0.0
0.0
0.0
0.0
0.0
0.0
0.0
0.0
0.0
0.0
0.0
0.0
0.0
0.0
0.0
0.0
0.0
0.07898282363686916
0.1285531626317697
0.7538002857293616
0.4268075604742361
0.15721616568597774
0.14808539035912943
0.04806415809282069
0.057873544037942835
0.07214181465893667
0.09049334635640553
0.40144368267979536
0.0
0.0
0.0
0.0
0.0
0.0
0.0
0.0
0.0
0.0
0.0
0.0
0.0
0.0
0.0
0.0
0.0
0.0
0.0
0.0
0.0
0.0
0.0
0.0
0.0
0.27159446655509484
0.203448320635403
0.3972920124842992
0.6043979864711783
0.3922873240605985
0.27747247369016864
0.12862654563357576
0.16251396353881548
0.042751596830366174
0.12854769833618915
0.263665038814179
0.0
0.0
0.0
0.0
0.0
0.0
0.0
0.0
0.0
0.0
0.0
0.0
0.0
0.0
0.0
0.0
0.0
0.0
0.0
0.0
0.0
0.0
0.0
0.0
0.0
0.48475858161026075
0.36822385599632695
0.5848960454523087
0.1682462945121147
0.13062779763088442
0.20388177944061694
0.11536707222113103
0.1585831905398104
0.18482042697990433
0.25391712462625193
0.25157110772835406
0.0
0.0
0.0
0.0
0.0
0.0
0.0
0.0
0.0
0.0
0.0
0.0
0.0
0.0
0.0
0.0
0.0
0.0
0.0
0.0
0.0
0.0
0.0
0.0
0.0
0.16670637071248176
0.30379885645524957
0.40804812906015536
0.2835270807896689
0.097128369971649
0.03500183517928585
0.024304814199321328
0.10333676508551509
0.21985739260132653
0.4646055428854738
0.5889826112182948
0.0
0.0
0.0
0.0
0.0
0.0
0.0
0.0
0.0
0.0
0.0
0.0
0.0
0.0
0.0
0.0
0.0
0.0
0.0
0.0
0.0
0.0
0.0
0.0
0.0
0.4832256010535117
0.37662453717597505
0.2509434821306234
0.39474742109749
0.17958095936354693
0.25353316290104266
0.15514931498992202
0.16739568022105655
0.32649892396430846
0.3042900005450592
0.2409021744606701
0.0
0.0
0.0
0.0
0.0
0.0
0.0
0.0
0.0
0.0
0.0
0.0
0.0
0.0
0.0
0.0
0.0
0.0
0.0
0.0
0.0
0.0
0.0
0.0
0.0
0.5051774260091166
0.5309931664311003
0.19665120177731782
0.3806324827278167
0.21790824896134087
0.26223245742167883
0.1406103491979742
0.15675241409179738
0.17621054963653338
0.2333359662776249
0.18221129522715515
0.0
0.0
0.0
0.0
0.0
0.0
0.0
0.0
0.0
0.0
0.0
0.0
0.0
0.0
0.0
0.0
0.0
0.0
0.0
0.0
0.0
0.0
0.0
0.0
0.0
0.5936078095887123
0.2942112856651045
0.10169729533469145
0.08815395364496262
0.16104624712804755
0.2619983968521746
0.30634019142245716
0.469723930416062
0.28648495537291124
0.18889842954956196
0.12702694464655567
0.0
0.0
0.0
0.0
0.0
0.0
0.0
0.0
0.0
0.0
0.0
0.0
0.0
0.0
0.0
0.0
0.0
0.0
0.0
0.0
0.0
0.0
0.0
0.0
0.0
0.35779416982248435
0.23992081655090755
0.3785848981487343
0.42539300808631886
0.1979045794719206
0.14081018181326604
0.16690124671175724
0.1287751886514592
0.04821553396016206
0.2192735377385957
0.5799113467416439
0.0
0.0
0.0
0.0
0.0
0.0
0.0
0.0
0.0
0.0
0.0
0.0
0.0
0.0
0.0
0.0
0.0
0.0
0.0
0.0
0.0
0.0
0.0
0.0
0.0
0.5666164920783594
0.2530045667080306
0.4382643129973018
0.40348799138625474
0.148457025862657
0.12203687269563768
0.08619226633345638
0.1290568927782055
0.3185894578987136
0.23090556269382528
0.21029116992412403
0.0
0.0
0.0
0.0
0.0
0.0
0.0
0.0
0.0
0.0
0.0
0.0
0.0
0.0
0.0
0.0
0.0
0.0
0.0
0.0
0.0
0.0
0.0
0.0
0.0
0.13515968378194446
0.11093284690572763
0.7381395883144549
0.26324151995907324
0.049564547046248415
0.031778485319729176
0.03567701925328954
0.0744259576989955
0.1345342910072865
0.18400269560102275
0.5413359002591227
0.0
0.0
0.0
0.0
0.0
0.0
0.0
0.0
0.0
0.0
0.0
0.0
0.0
0.0
0.0
0.0
0.0
0.0
0.0
0.0
0.0
0.0
0.0
0.0
0.0
0.2543013455501351
0.07333812082502301
0.8191477184182245
0.11189824358288473
0.09656513407708622
0.07611354780636838
0.07578023393074146
0.10863258237036551
0.10597137753820123
0.07288315904956325
0.44409962549194926
0.0
0.0
0.0
0.0
0.0
0.0
0.0
0.0
0.0
0.0
0.0
0.0
0.0
0.0
0.0
0.0
0.0
0.0
0.0
0.0
0.0
0.0
0.0
0.0
0.0
0.49421842934453947
0.2798303027516818
0.673720845687049
0.17539198659354882
0.07976159111812316
0.10631222534625535
0.06053208309738056
0.06071754380830171
0.07254877517023485
0.07376246026200801
0.3963102820707782
0.0
0.0
0.0
0.0
0.0
0.0
0.0
0.0
0.0
0.0
0.0
0.0
0.0
0.0
0.0
0.0
0.0
0.0
0.0
0.0
0.0
0.0
0.0
0.0
0.0
0.17019057101740204
0.2589099080952778
0.6372756612172318
0.2249526806794244
0.06969919589700384
0.023245807900491893
0.012422742127636357
0.009627262283720073
0.03638676193633203
0.09036843978564407
0.6573743579985142
0.0
0.0
0.0
0.0
0.0
0.0
0.0
0.0
0.0
0.0
0.0
0.0
0.0
0.0
0.0
0.0
0.0
0.0
0.0
0.0
0.0
0.0
0.0
0.0
0.0
0.336251830211475
0.09672338340439383
0.7302228495941208
0.3187682385262018
0.1568824771629185
0.11146033166534625
0.09912648835903423
0.03704167230199735
0.07926937172179212
0.21397863919791704
0.37740765643608737
0.0
0.0
0.0
0.0
0.0
0.0
0.0
0.0
0.0
0.0
0.0
0.0
0.0
0.0
0.0
0.0
0.0
0.0
0.0
0.0
0.0
0.0
0.0
0.0
0.0
0.18152918053968656
0.12613325480772025
0.5770663985146386
0.2843444062395516
0.09569962345728734
0.0370984611508096
0.05764357895320817
0.029239516039621834
0.014556215479078427
0.24470755259149632
0.6800544640269907
0.0
0.0
0.0
0.0
0.0
0.0
0.0
0.0
0.0
0.0
0.0
0.0
0.0
0.0
0.0
0.0
0.0
0.0
0.0
0.0
0.0
0.0
0.0
0.0
0.0
0.13684804029992723
0.21526923326313951
0.5898401676341888
0.3197902942493933
0.2089064131480476
0.0891173931925099
0.18680055196417752
0.08489754077614338
0.06716000368227569
0.22860197438715654
0.5781862578524755
0.0
0.0
0.0
0.0
0.0
0.0
0.0
0.0
0.0
0.0
0.0
0.0
0.0
0.0
0.0
0.0
0.0
0.0
0.0
0.0
0.0
0.0
0.0
0.0
0.0
0.12447553190898972
0.2409313053832004
0.6274033327767186
0.4140600679977174
0.22264740324544807
0.0454356533103049
0.09692149288736134
0.08879796831807481
0.11122578481026206
0.2734584712176734
0.45311304962529925
0.0
0.0
0.0
0.0
0.0
0.0
0.0
0.0
0.0
0.0
0.0
0.0
0.0
0.0
0.0
0.0
0.0
0.0
0.0
0.0
0.0
0.0
0.0
0.0
0.0
0.0992942059647869
0.08607089107951203
0.33206330956159275
0.4035670668391676
0.2155505686090184
0.16633230021939782
0.3485809716156139
0.46736185331852587
0.4051051517484901
0.27335927096463897
0.23811822892669954
0.0
0.0
0.0
0.0
0.0
0.0
0.0
0.0
0.0
0.0
0.0
0.0
0.0
0.0
0.0
0.0
0.0
0.0
0.0
0.0
0.0
0.0
0.0
0.0
0.0
0.2562962413516383
0.28798462274360825
0.24462476018270493
0.2709053667233917
0.32397135637582475
0.4143846938081173
0.4223168420362895
0.2411201232081295
0.1414106542975185
0.25119378722707486
0.3491250030147986
0.0
0.0
0.0
0.0
0.0
0.0
0.0
0.0
0.0
0.0
0.0
0.0
0.0
0.0
0.0
0.0
0.0
0.0
0.0
0.0
0.0
0.0
0.0
0.0
0.0
0.2519912629279152
0.2319957284003091
0.5546768477109161
0.12477259377631775
0.07910967578926054
0.056611256131236756
0.04189834487167558
0.031289282715779416
0.04828739492072579
0.32400078549738487
0.6632781714458654
0.0
0.0
0.0
0.0
0.0
0.0
0.0
0.0
0.0
0.0
0.0
0.0
0.0
0.0
0.0
0.0
0.0
0.0
0.0
0.0
0.0
0.0
0.0
0.0
0.0
0.5109242874437432
0.18221009703302965
0.5263359499997284
0.11152845377229453
0.09203498074417144
0.03240561671888109
0.032830745238632955
0.027126480590797798
0.06806326395661261
0.1378155171869115
0.6175173962252078
0.0
0.0
0.0
0.0
0.0
0.0
0.0
0.0
0.0
0.0
0.0
0.0
0.0
0.0
0.0
0.0
0.0
0.0
0.0
0.0
0.0
0.0
0.0
0.0
0.0
0.6244662335379226
0.08530411931640977
0.4443476957141428
0.32894101026922734
0.025160484738138242
0.03889953843413956
0.073980203269264
0.09172028473962106
0.24416428344731317
0.2896140530930063
0.37093620101545666
0.0
0.0
0.0
0.0
0.0
0.0
0.0
0.0
0.0
0.0
0.0
0.0
0.0
0.0
0.0
0.0
0.0
0.0
0.0
0.0
0.0
0.0
0.0
0.0
0.0
0.6886975871795225
0.17929093147536285
0.3314304784650499
0.3315047834751752
0.4272320081870461
0.1049875968238045
0.08332108586274738
0.08674372360362756
0.042137013182713
0.08816611961889399
0.23715724322134657
0.0
0.0
0.0
0.0
0.0
0.0
0.0
0.0
0.0
0.0
0.0
0.0
0.0
0.0
0.0
0.0
0.0
0.0
0.0
0.0
0.0
0.0
0.0
0.0
0.0
0.7586392077135916
0.26779294084089295
0.21554653716012137
0.27841914409394836
0.26965467656613645
0.059166523595660964
0.08888422960026485
0.11831508781944627
0.0717820010611685
0.1452629729342263
0.3231234880165458
0.0
0.0
0.0
0.0
0.0
0.0
0.0
0.0
0.0
0.0
0.0
0.0
0.0
0.0
0.0
0.0
0.0
0.0
0.0
0.0
0.0
0.0
0.0
0.0
0.0
0.7387316384613606
0.32248262741544154
0.14095639844263344
0.13136892311233575
0.20007313481800013
0.2995629077903424
0.13130933213682625
0.07057881561708937
0.1520546809899376
0.23959729049926462
0.2839644847237703
0.0
0.0
0.0
0.0
0.0
0.0
0.0
0.0
0.0
0.0
0.0
0.0
0.0
0.0
0.0
0.0
0.0
0.0
0.0
0.0
0.0
0.0
0.0
0.0
0.0
0.7721930507664431
0.38049135262018263
0.26412230564467554
0.18455051183003512
0.12847140177265023
0.09043258929519654
0.03425659596529404
0.06219942762416337
0.2307874756037435
0.20430009970467256
0.1743505437176386
0.0
0.0
0.0
0.0
0.0
0.0
0.0
0.0
0.0
0.0
0.0
0.0
0.0
0.0
0.0
0.0
0.0
0.0
0.0
0.0
0.0
0.0
0.0
0.0
0.0
0.6660865676985168
0.3611283720032813
0.1623139091848131
0.10326082172970172
0.11565336359148978
0.16956231600747734
0.40272972014307384
0.3178077903813367
0.21697393682691427
0.1636158194737635
0.09868361854455718
0.0
0.0
0.0
0.0
0.0
0.0
0.0
0.0
0.0
0.0
0.0
0.0
0.0
0.0
0.0
0.0
0.0
0.0
0.0
0.0
0.0
0.0
0.0
0.0
0.0
0.6312422720572324
0.4165936080292849
0.16166839590535484
0.3133034231016431
0.19177885536738598
0.3867200964478819
0.19634070241766058
0.14932946212436837
0.056406164100335714
0.19720231754489542
0.12015125099165057
0.0
0.0
0.0
0.0
0.0
0.0
0.0
0.0
0.0
0.0
0.0
0.0
0.0
0.0
0.0
0.0
0.0
0.0
0.0
0.0
0.0
0.0
0.0
0.0
0.0
0.4069931558997609
0.4946316844427428
0.26610994292534634
0.1687490366981905
0.3519460991836002
0.37835173576486847
0.2074915270392525
0.2695852248360555
0.2889248176681703
0.06704848963733448
0.14031129152255503
0.0
0.0
0.0
0.0
0.0
0.0
0.0
0.0
0.0
0.0
0.0
0.0
0.0
0.0
0.0
0.0
0.0
0.0
0.0
0.0
0.0
0.0
0.0
0.0
0.0
0.29685637531140036
0.3287483456615257
0.5491698773582803
0.40102372154299026
0.18350734055758047
0.09086766020417314
0.1135286290901267
0.3092431494030445
0.3186634989918011
0.11324622277942173
0.27671312739928033
0.0
0.0
0.0
0.0
0.0
0.0
0.0
0.0
0.0
0.0
0.0
0.0
0.0
0.0
0.0
0.0
0.0
0.0
0.0
0.0
0.0
0.0
0.0
0.0
0.0
0.8060144354574563
0.18131009460412004
0.11547188126969728
0.20041759603705567
0.25075327664077535
0.1639245965208892
0.1406096849095888
0.2991151116251748
0.1628668209539703
0.17569971201270254
0.08706898707962733
0.0
0.0
0.0
0.0
0.0
0.0
0.0
0.0
0.0
0.0
0.0
0.0
0.0
0.0
0.0
0.0
0.0
0.0
0.0
0.0
0.0
0.0
0.0
0.0
0.0
0.7706375817174931
0.16329497901068057
0.30611385669716773
0.119402653703216
0.15350490194897054
0.1701190720554572
0.03977136940423188
0.11087273700380561
0.18091826014739876
0.263091070818355
0.3211894656859791
0.0
0.0
0.0
0.0
0.0
0.0
0.0
0.0
0.0
0.0
0.0
0.0
0.0
0.0
0.0
0.0
0.0
0.0
0.0
0.0
0.0
0.0
0.0
0.0
0.0
0.7143259919820233
0.5288001169590762
0.3045789952779182
0.15152620490576732
0.07180701639296752
0.042913366127619715
0.07477509362602927
0.07007446115787373
0.12185025687726367
0.20280403641532935
0.14458128070016038
0.0
0.0
0.0
0.0
0.0
0.0
0.0
0.0
0.0
0.0
0.0
0.0
0.0
0.0
0.0
0.0
0.0
0.0
0.0
0.0
0.0
0.0
0.0
0.0
0.0
0.5852628991408487
0.5853941120753019
0.18296942981036432
0.11816212930440093
0.2720215879851557
0.1686777232754185
0.1743775264703822
0.2915088197353703
0.1315569996570203
0.1261215096612028
0.1276489704274105
0.0
0.0
0.0
0.0
0.0
0.0
0.0
0.0
0.0
0.0
0.0
0.0
0.0
0.0
0.0
0.0
0.0
0.0
0.0
0.0
0.0
0.0
0.0
0.0
0.0
0.33864840216701836
0.437428499303994
0.21839952409737057
0.08506979456310804
0.23897966436252074
0.389777732824675
0.35543527298346167
0.42378335636019976
0.3191226376492409
0.11068056749091017
0.09992183124615217
0.0
0.0
0.0
0.0
0.0
0.0
0.0
0.0
0.0
0.0
0.0
0.0
0.0
0.0
0.0
0.0
0.0
0.0
0.0
0.0
0.0
0.0
0.0
0.0
0.0
