0.2657992194141156
0.12613733164089377
0.21527112626393058
0.21647759833434144
0.17541228838969078
0.25296113242367463
0.5032528190875935
0.48975051654596363
0.16291113006938826
0.3273989486037125
0.3140510443903835
0.0
0.0
0.0
0.0
0.0
0.0
0.0
0.0
0.0
0.0
0.0
0.0
0.0
0.0
0.0
0.0
0.0
0.0
0.0
0.0
0.0
0.0
0.0
0.0
0.0
0.28182004033558367
0.20250865724390474
0.24998451301303226
0.3744996982880629
0.31263815986462323
0.38177862628225884
0.37945499051576437
0.31454591288133155
0.07597591263645498
0.14120806995163426
0.40582090864656595
0.0
0.0
0.0
0.0
0.0
0.0
0.0
0.0
0.0
0.0
0.0
0.0
0.0
0.0
0.0
0.0
0.0
0.0
0.0
0.0
0.0
0.0
0.0
0.0
0.0
0.0948246607765322
0.2073539228983438
0.4845775902734775
0.36030543736163256
0.20267918558984674
0.04975537934165378
0.1917874647356997
0.277887287082872
0.4229772884686395
0.3285867347123518
0.37274646932418576
0.0
0.0
0.0
0.0
0.0
0.0
0.0
0.0
0.0
0.0
0.0
0.0
0.0
0.0
0.0
0.0
0.0
0.0
0.0
0.0
0.0
0.0
0.0
0.0
0.0
0.1485795841812964
0.258419024450102
0.525249487974283
0.43891056585063654
0.24335382982811588
0.4375745584678639
0.22678028918830195
0.2081366775431018
0.18946455882537475
0.11682651066361785
0.21823426879410898
0.0
0.0
0.0
0.0
0.0
0.0
0.0
0.0
0.0
0.0
0.0
0.0
0.0
0.0
0.0
0.0
0.0
0.0
0.0
0.0
0.0
0.0
0.0
0.0
0.0
0.37190554051425995
0.13857475392009394
0.3756006374324592
0.5216477413827503
0.4042477437039205
0.19302530475477034
0.10277169638694045
0.09800727182304367
0.22364783253879955
0.2671702267699279
0.29504298845416
0.0
0.0
0.0
0.0
0.0
0.0
0.0
0.0
0.0
0.0
0.0
0.0
0.0
0.0
0.0
0.0
0.0
0.0
0.0
0.0
0.0
0.0
0.0
0.0
0.0
0.29961477477431964
0.11942104831675726
0.4622344288617412
0.3191999971234264
0.23629221299177652
0.4347988822141316
0.20247183111582434
0.18499308856035582
0.1442792895945043
0.34721843654040235
0.3448793635200067
0.0
0.0
0.0
0.0
0.0
0.0
0.0
0.0
0.0
0.0
0.0
0.0
0.0
0.0
0.0
0.0
0.0
0.0
0.0
0.0
0.0
0.0
0.0
0.0
0.0
0.23809730922085529
0.2809298249488318
0.32896766136601174
0.14516880897125065
0.2237150649932187
0.24874584405708242
0.29607646091386064
0.3389533711925055
0.37534101270792825
0.3804371022228015
0.3674337370388376
0.0
0.0
0.0
0.0
0.0
0.0
0.0
0.0
0.0
0.0
0.0
0.0
0.0
0.0
0.0
0.0
0.0
0.0
0.0
0.0
0.0
0.0
0.0
0.0
0.0
0.2401229772389243
0.39738472905436534
0.2092039886513725
0.4390964158384252
0.31463260468176957
0.32136366164939356
0.39169456587680096
0.22232325007240647
0.2248796118285181
0.253072025155479
0.1676828330401018
0.0
0.0
0.0
0.0
0.0
0.0
0.0
0.0
0.0
0.0
0.0
0.0
0.0
0.0
0.0
0.0
0.0
0.0
0.0
0.0
0.0
0.0
0.0
0.0
0.0
0.20032272677283727
0.16818894027192277
0.4604312808328678
0.27377643881993774
0.318942877185173
0.29050776574142817
0.10840683044848491
0.08254036968485758
0.24231516132042266
0.5562626872887055
0.2679621123068584
0.0
0.0
0.0
0.0
0.0
0.0
0.0
0.0
0.0
0.0
0.0
0.0
0.0
0.0
0.0
0.0
0.0
0.0
0.0
0.0
0.0
0.0
0.0
0.0
0.0
0.02727164969834065
0.022192815183354368
0.30123368904607156
0.15927864352552668
0.09823215215622136
0.09432724627441563
0.21265148001718795
0.4730550083543897
0.4377860058951556
0.4982439612343282
0.3939540639764918
0.0
0.0
0.0
0.0
0.0
0.0
0.0
0.0
0.0
0.0
0.0
0.0
0.0
0.0
0.0
0.0
0.0
0.0
0.0
0.0
0.0
0.0
0.0
0.0
0.0
0.12535485981720892
0.09102428297832434
0.06436814775721576
0.07224668149467457
0.15798224480751516
0.14881672370249088
0.5040436076479212
0.7094065009783905
0.3636640142641009
0.1179123034224558
0.1267309041143183
0.0
0.0
0.0
0.0
0.0
0.0
0.0
0.0
0.0
0.0
0.0
0.0
0.0
0.0
0.0
0.0
0.0
0.0
0.0
0.0
0.0
0.0
0.0
0.0
0.0
0.2497203254035612
0.25111986561706817
0.24001663242921975
0.21714603489829795
0.3660921301540066
0.35192001567630876
0.2312139046439634
0.28089262797572034
0.3481788126490752
0.41632885763208716
0.2915961269238756
0.0
0.0
0.0
0.0
0.0
0.0
0.0
0.0
0.0
0.0
0.0
0.0
0.0
0.0
0.0
0.0
0.0
0.0
0.0
0.0
0.0
0.0
0.0
0.0
0.0
0.2754303136102858
0.4126198383379902
0.5235866702858746
0.18151531485742167
0.11789556655687744
0.07712572428483493
0.16598936534741784
0.10384074288462636
0.10185962750010215
0.295745473064456
0.5392293767234465
0.0
0.0
0.0
0.0
0.0
0.0
0.0
0.0
0.0
0.0
0.0
0.0
0.0
0.0
0.0
0.0
0.0
0.0
0.0
0.0
0.0
0.0
0.0
0.0
0.0
0.49047278858014876
0.36468878493455686
0.32940560768334803
0.2989363677871098
0.1807942578053964
0.20117668991584456
0.13051252450823014
0.2586460326265927
0.29466791502614875
0.29261962168306493
0.3146779160327239
0.0
0.0
0.0
0.0
0.0
0.0
0.0
0.0
0.0
0.0
0.0
0.0
0.0
0.0
0.0
0.0
0.0
0.0
0.0
0.0
0.0
0.0
0.0
0.0
0.0
0.4779518840447177
0.39938759899508164
0.35691120397455184
0.48665079995034216
0.20644361723561505
0.17317325943376466
0.07826390831320792
0.13176783637303952
0.1039512205261172
0.17702671830134392
0.33105388009149506
0.0
0.0
0.0
0.0
0.0
0.0
0.0
0.0
0.0
0.0
0.0
0.0
0.0
0.0
0.0
0.0
0.0
0.0
0.0
0.0
0.0
0.0
0.0
0.0
0.0
0.35070657999890303
0.4870739746212331
0.36644426682759695
0.3653492797774283
0.26857743961464076
0.21883478104227025
0.2113231203437148
0.35181083394843343
0.16577985266005396
0.1777635449434645
0.15642466899284033
0.0
0.0
0.0
0.0
0.0
0.0
0.0
0.0
0.0
0.0
0.0
0.0
0.0
0.0
0.0
0.0
0.0
0.0
0.0
0.0
0.0
0.0
0.0
0.0
0.0
0.5167315984970436
0.35683349065972586
0.25832081034287974
0.19903194247934547
0.28362685823350453
0.245066382691787
0.2805138115157017
0.19011664746137605
0.21969661780902494
0.3289045430800533
0.2958649908480096
0.0
0.0
0.0
0.0
0.0
0.0
0.0
0.0
0.0
0.0
0.0
0.0
0.0
0.0
0.0
0.0
0.0
0.0
0.0
0.0
0.0
0.0
0.0
0.0
0.0
0.3250469791050344
0.14343866695115845
0.4069368221325813
0.3953275714409221
0.2566122878979088
0.24164828553416137
0.22163773010484086
0.12979939780803398
0.2316930082404556
0.2284829981572251
0.505754175915182
0.0
0.0
0.0
0.0
0.0
0.0
0.0
0.0
0.0
0.0
0.0
0.0
0.0
0.0
0.0
0.0
0.0
0.0
0.0
0.0
0.0
0.0
0.0
0.0
0.0
0.28040503083640356
0.5885396584312215
0.19024377703197043
0.27897018889489444
0.21838635992371264
0.14265883107155122
0.30212400842989084
0.3975308552316513
0.2694978994473081
0.21970363155327527
0.1507460878605522
0.0
0.0
0.0
0.0
0.0
0.0
0.0
0.0
0.0
0.0
0.0
0.0
0.0
0.0
0.0
0.0
0.0
0.0
0.0
0.0
0.0
0.0
0.0
0.0
0.0
0.6198114845095224
0.36854529227850574
0.10477560832302307
0.08376942372254398
0.2703616746940762
0.33292842525093674
0.1919610795729706
0.17052489051202868
0.2553321138445433
0.26840645640641436
0.27370014015305355
0.0
0.0
0.0
0.0
0.0
0.0
0.0
0.0
0.0
0.0
0.0
0.0
0.0
0.0
0.0
0.0
0.0
0.0
0.0
0.0
0.0
0.0
0.0
0.0
0.0
0.42810047212782365
0.22636001540560935
0.29302120812783855
0.43981654918971164
0.24137630300347024
0.1440472055959246
0.2921264721428291
0.25153724222946144
0.17375089265670884
0.32152785071394413
0.35355423248109424
0.0
0.0
0.0
0.0
0.0
0.0
0.0
0.0
0.0
0.0
0.0
0.0
0.0
0.0
0.0
0.0
0.0
0.0
0.0
0.0
0.0
0.0
0.0
0.0
0.0
0.10990235540038294
0.12335418592553643
0.32168112465581317
0.42446086793669197
0.28548039610670506
0.350139689713068
0.2873713581089356
0.20685845149216475
0.369492770605823
0.40963464959221774
0.2350838441013678
0.0
0.0
0.0
0.0
0.0
0.0
0.0
0.0
0.0
0.0
0.0
0.0
0.0
0.0
0.0
0.0
0.0
0.0
0.0
0.0
0.0
0.0
0.0
0.0
0.0
0.30980481885651745
0.28028427582791293
0.3566539514568828
0.2498919668213074
0.19802422881002368
0.13065301049828154
0.2503042485499739
0.5893971467863106
0.24424316278961028
0.17331118399713133
0.2824839037312278
0.0
0.0
0.0
0.0
0.0
0.0
0.0
0.0
0.0
0.0
0.0
0.0
0.0
0.0
0.0
0.0
0.0
0.0
0.0
0.0
0.0
0.0
0.0
0.0
0.0
0.6583711270385557
0.22824194961302285
0.3052578780103988
0.26987818473830694
0.25896124820253724
0.21807400577062505
0.34209915957280335
0.16637629319882918
0.14202615678779057
0.21990682561008013
0.14344308170663683
0.0
0.0
0.0
0.0
0.0
0.0
0.0
0.0
0.0
0.0
0.0
0.0
0.0
0.0
0.0
0.0
0.0
0.0
0.0
0.0
0.0
0.0
0.0
0.0
0.0
0.32500542903836555
0.2949431952634352
0.30818926729926316
0.309361577292466
0.33982629412730947
0.32339898127947964
0.3257364483519412
0.3362658591562186
0.2759782513168673
0.22116738957795648
0.22884053438035826
0.0
0.0
0.0
0.0
0.0
0.0
0.0
0.0
0.0
0.0
0.0
0.0
0.0
0.0
0.0
0.0
0.0
0.0
0.0
0.0
0.0
0.0
0.0
0.0
0.0
0.41811588342488776
0.5701037873699637
0.13532847080828436
0.17619098383162243
0.1757002040004329
0.22654727078854733
0.1804928413228161
0.3430813343269954
0.4283741417294671
0.11256414530169878
0.14883525936255151
0.0
0.0
0.0
0.0
0.0
0.0
0.0
0.0
0.0
0.0
0.0
0.0
0.0
0.0
0.0
0.0
0.0
0.0
0.0
0.0
0.0
0.0
0.0
0.0
0.0
0.4083409041314504
0.40712072403162514
0.2574094476839238
0.4406350915151364
0.16789280186205116
0.17020285635243085
0.2220886690829242
0.38139423615415696
0.24288740998409206
0.19541656463641266
0.24076470100130623
0.0
0.0
0.0
0.0
0.0
0.0
0.0
0.0
0.0
0.0
0.0
0.0
0.0
0.0
0.0
0.0
0.0
0.0
0.0
0.0
0.0
0.0
0.0
0.0
0.0
0.22634032541643764
0.17439150399553735
0.5598633174922413
0.4594072624020789
0.2984713064908726
0.2559691633212716
0.2040544304429386
0.2749616016309552
0.20210447347894667
0.19702985400391665
0.2057699820424383
0.0
0.0
0.0
0.0
0.0
0.0
0.0
0.0
0.0
0.0
0.0
0.0
0.0
0.0
0.0
0.0
0.0
0.0
0.0
0.0
0.0
0.0
0.0
0.0
0.0
0.35029922601474295
0.34030575452059936
0.3668193813213518
0.3296202432145195
0.20980527281402808
0.02677218502139193
0.11769563128789387
0.12371449137506399
0.19188122457881746
0.573227234199714
0.28102682554856573
0.0
0.0
0.0
0.0
0.0
0.0
0.0
0.0
0.0
0.0
0.0
0.0
0.0
0.0
0.0
0.0
0.0
0.0
0.0
0.0
0.0
0.0
0.0
0.0
0.0
0.23439266112145343
0.3437093500180051
0.238583877936828
0.3539623792772984
0.17961729006092025
0.18706549247995125
0.4201272047039361
0.4220696333347678
0.4499527632931551
0.09981065663351245
0.10191742301265189
0.0
0.0
0.0
0.0
0.0
0.0
0.0
0.0
0.0
0.0
0.0
0.0
0.0
0.0
0.0
0.0
0.0
0.0
0.0
0.0
0.0
0.0
0.0
0.0
0.0
0.13504291918497136
0.10796852148124787
0.43855045763134903
0.2913108416531938
0.4101146110143192
0.43727849915280464
0.2429881032089827
0.21845708582712575
0.26346957551021155
0.32405418359102495
0.22872946953439305
0.0
0.0
0.0
0.0
0.0
0.0
0.0
0.0
0.0
0.0
0.0
0.0
0.0
0.0
0.0
0.0
0.0
0.0
0.0
0.0
0.0
0.0
0.0
0.0
0.0
0.3104356775918341
0.465955175518365
0.13138780454456261
0.17581725970910872
0.11880393317269028
0.21409026102993162
0.23560669194323447
0.36388558352768596
0.29707179953403373
0.4851502658433417
0.2585465535874534
0.0
0.0
0.0
0.0
0.0
0.0
0.0
0.0
0.0
0.0
0.0
0.0
0.0
0.0
0.0
0.0
0.0
0.0
0.0
0.0
0.0
0.0
0.0
0.0
0.0
0.2300055051028005
0.30349414013834547
0.22025176980237143
0.4399283060925338
0.3188468504759899
0.17647234319641317
0.09416052412261727
0.26633987491426747
0.49309770642711054
0.27551997577935344
0.28508854333408756
0.0
0.0
0.0
0.0
0.0
0.0
0.0
0.0
0.0
0.0
0.0
0.0
0.0
0.0
0.0
0.0
0.0
0.0
0.0
0.0
0.0
0.0
0.0
0.0
0.0
0.17987379494762545
0.1260297726002027
0.3710167057926267
0.0759606241611784
0.037455960085266964
0.17394107303293116
0.32025125662940396
0.3713326362989502
0.36559772886686687
0.3775137326866899
0.509953864778439
0.0
0.0
0.0
0.0
0.0
0.0
0.0
0.0
0.0
0.0
0.0
0.0
0.0
0.0
0.0
0.0
0.0
0.0
0.0
0.0
0.0
0.0
0.0
0.0
0.0
0.23198821859465973
0.20510055210718434
0.1450822210328447
0.33930167595259153
0.2914782325110549
0.5086072551836284
0.5449368790328937
0.256189787203032
0.09027728477446502
0.1388452168425368
0.18515523259633976
0.0
0.0
0.0
0.0
0.0
0.0
0.0
0.0
0.0
0.0
0.0
0.0
0.0
0.0
0.0
0.0
0.0
0.0
0.0
0.0
0.0
0.0
0.0
0.0
0.0
0.25541787500098617
0.25638944980607353
0.14260152686055164
0.5360592894831403
0.5533180839049795
0.20041762638014038
0.18934136971130636
0.1258403420781187
0.1687953656621422
0.25425984065072227
0.26491014872711816
0.0
0.0
0.0
0.0
0.0
0.0
0.0
0.0
0.0
0.0
0.0
0.0
0.0
0.0
0.0
0.0
0.0
0.0
0.0
0.0
0.0
0.0
0.0
0.0
0.0
0.15821204140133777
0.2059842623064993
0.3097437738348043
0.19871673267424045
0.12915800731917612
0.35769580829394787
0.38920819319850375
0.5086789203771169
0.2883747645664822
0.12390137730301583
0.37912133732166087
0.0
0.0
0.0
0.0
0.0
0.0
0.0
0.0
0.0
0.0
0.0
0.0
0.0
0.0
0.0
0.0
0.0
0.0
0.0
0.0
0.0
0.0
0.0
0.0
0.0
0.09851962134669
0.16864649980307045
0.1915627381775587
0.27393693864998975
0.4475946833186511
0.32446780657300833
0.406433708118729
0.5049654852748731
0.26786142356861475
0.14874613799220338
0.17447205805977709
0.0
0.0
0.0
0.0
0.0
0.0
0.0
0.0
0.0
0.0
0.0
0.0
0.0
0.0
0.0
0.0
0.0
0.0
0.0
0.0
0.0
0.0
0.0
0.0
0.0
0.3090722252636067
0.25361551731747445
0.08584008699835786
0.07350130058475504
0.1702333242614903
0.3022388796868342
0.5906210849615589
0.21019256545289752
0.28651960922966196
0.4603589715595729
0.14148071387309305
0.0
0.0
0.0
0.0
0.0
0.0
0.0
0.0
0.0
0.0
0.0
0.0
0.0
0.0
0.0
0.0
0.0
0.0
0.0
0.0
0.0
0.0
0.0
0.0
0.0
0.38227579568808134
0.3435092232472363
0.4664673632279186
0.26521789994666445
0.1428695580281798
0.1804773292039078
0.3438560798224246
0.2722591051597482
0.14991040154314403
0.2308382529703579
0.3561306862655753
0.0
0.0
0.0
0.0
0.0
0.0
0.0
0.0
0.0
0.0
0.0
0.0
0.0
0.0
0.0
0.0
0.0
0.0
0.0
0.0
0.0
0.0
0.0
0.0
0.0
0.22702160373905633
0.3368086213608334
0.32848969091997926
0.3540174327169291
0.18161724107824945
0.14275336938020508
0.31677713577529326
0.4433460479894109
0.2978029387687013
0.2559234514940843
0.31198894563197105
0.0
0.0
0.0
0.0
0.0
0.0
0.0
0.0
0.0
0.0
0.0
0.0
0.0
0.0
0.0
0.0
0.0
0.0
0.0
0.0
0.0
0.0
0.0
0.0
0.0
0.36090705751409885
0.23973555802645746
0.5350118133992763
0.3769624788493577
0.32091305074833837
0.20333147233101212
0.06799787538860659
0.09454201388608266
0.11759569022892243
0.1207728845294217
0.4445548266427286
0.0
0.0
0.0
0.0
0.0
0.0
0.0
0.0
0.0
0.0
0.0
0.0
0.0
0.0
0.0
0.0
0.0
0.0
0.0
0.0
0.0
0.0
0.0
0.0
0.0
0.1053936986625173
0.14103311455490944
0.7712813012840924
0.31052508152152075
0.11252933520231342
0.10039259481951897
0.07603972477709234
0.07542904808854871
0.08213537818634271
0.13987653168175654
0.4660218739890049
0.0
0.0
0.0
0.0
0.0
0.0
0.0
0.0
0.0
0.0
0.0
0.0
0.0
0.0
0.0
0.0
0.0
0.0
0.0
0.0
0.0
0.0
0.0
0.0
0.0
0.17958872503733922
0.35870841659926495
0.20497730166696967
0.048965400401811604
0.05349668844982117
0.11415867508473262
0.15286488726729522
0.11839452322835209
0.482229138807461
0.6293427976336787
0.3358072693597446
0.0
0.0
0.0
0.0
0.0
0.0
0.0
0.0
0.0
0.0
0.0
0.0
0.0
0.0
0.0
0.0
0.0
0.0
0.0
0.0
0.0
0.0
0.0
0.0
0.0
0.3339578650697133
0.0683733305756017
0.3156038181398622
0.2647663859309573
0.24689729113956677
0.28252256107383233
0.4054398567748328
0.20674879177320035
0.31162767628858373
0.29094551209227687
0.42944768365421515
0.0
0.0
0.0
0.0
0.0
0.0
0.0
0.0
0.0
0.0
0.0
0.0
0.0
0.0
0.0
0.0
0.0
0.0
0.0
0.0
0.0
0.0
0.0
0.0
0.0
0.09683546753481524
0.22646769667785355
0.15311587068108085
0.3561225800039822
0.5197536633335442
0.5079575585798798
0.3325482510476379
0.14427365984095664
0.19080718330998986
0.2341623571803731
0.1956019988569763
0.0
0.0
0.0
0.0
0.0
0.0
0.0
0.0
0.0
0.0
0.0
0.0
0.0
0.0
0.0
0.0
0.0
0.0
0.0
0.0
0.0
0.0
0.0
0.0
0.0
0.10321573983008517
0.3880025507082995
0.4201492903645749
0.23861773718219983
0.16082427330370413
0.4656155017455903
0.3164888431137581
0.3693422957989816
0.27099581718614235
0.19808950598034547
0.11583321656778915
0.0
0.0
0.0
0.0
0.0
0.0
0.0
0.0
0.0
0.0
0.0
0.0
0.0
0.0
0.0
0.0
0.0
0.0
0.0
0.0
0.0
0.0
0.0
0.0
0.0
0.2529519417398209
0.16228182011158132
0.3678577969195592
0.3813727299371739
0.4821221340047404
0.4065540095835955
0.144105160086878
0.2446086019765355
0.11195464510418854
0.28522134909882474
0.23812342905426334
0.0
0.0
0.0
0.0
0.0
0.0
0.0
0.0
0.0
0.0
0.0
0.0
0.0
0.0
0.0
0.0
0.0
0.0
0.0
0.0
0.0
0.0
0.0
0.0
0.0
0.07418237868956477
0.10608166240116013
0.2345518426456383
0.11227321729909318
0.14087953650141422
0.4084044891914359
0.5294927427825423
0.3862323629415103
0.203990246304599
0.24905435209209678
0.44249796503515404
0.0
0.0
0.0
0.0
0.0
0.0
0.0
0.0
0.0
0.0
0.0
0.0
0.0
0.0
0.0
0.0
0.0
0.0
0.0
0.0
0.0
0.0
0.0
0.0
0.0
0.03370218715509269
0.028857782827008627
0.021689028466861073
0.03394814365517224
0.06071738250143842
0.18684539417555604
0.41840658484798277
0.8340336540993807
0.28146994645515067
0.07789837596739546
0.04290692863650719
0.0
0.0
0.0
0.0
0.0
0.0
0.0
0.0
0.0
0.0
0.0
0.0
0.0
0.0
0.0
0.0
0.0
0.0
0.0
0.0
0.0
0.0
0.0
0.0
0.0
0.26905320345613015
0.15297474425813512
0.39555793010297796
0.26101870832519375
0.40065849852027874
0.16419660985271944
0.17816600106831573
0.1949424604027952
0.13111068992448122
0.39202960315917673
0.5014993424444456
0.0
0.0
0.0
0.0
0.0
0.0
0.0
0.0
0.0
0.0
0.0
0.0
0.0
0.0
0.0
0.0
0.0
0.0
0.0
0.0
0.0
0.0
0.0
0.0
0.0
0.14104736389958517
0.1520085014521367
0.20894896776211813
0.19765217275734367
0.46187837707435425
0.5770074470009936
0.42058999634592537
0.17858107378625482
0.24572358695086252
0.20248267567742562
0.13355641100617904
0.0
0.0
0.0
0.0
0.0
0.0
0.0
0.0
0.0
0.0
0.0
0.0
0.0
0.0
0.0
0.0
0.0
0.0
0.0
0.0
0.0
0.0
0.0
0.0
0.0
0.22945460818905122
0.16167078131749882
0.4085320239753666
0.24036155250100277
0.0669422246852425
0.10827376765332831
0.53383459872922
0.5209412342411884
0.2720633076847337
0.08093750388160977
0.2083461284765727
0.0
0.0
0.0
0.0
0.0
0.0
0.0
0.0
0.0
0.0
0.0
0.0
0.0
0.0
0.0
0.0
0.0
0.0
0.0
0.0
0.0
0.0
0.0
0.0
0.0
0.5480154754345947
0.22063616724671692
0.44541351931559997
0.3600131913071391
0.08395624575881437
0.004380106085798185
0.0
0.050148072738660496
0.14779170510728037
0.23545166754646185
0.48593567239198304
0.0
0.0
0.0
0.0
0.0
0.0
0.0
0.0
0.0
0.0
0.0
0.0
0.0
0.0
0.0
0.0
0.0
0.0
0.0
0.0
0.0
0.0
0.0
0.0
0.0
0.28194365064950894
0.06735128051998515
0.4554354655902401
0.15224672314155932
0.11561424153315374
0.08285449697285305
0.1570266533122033
0.15017120867589032
0.39767293407250404
0.4283982534673317
0.5256062656578501
0.0
0.0
0.0
0.0
0.0
0.0
0.0
0.0
0.0
0.0
0.0
0.0
0.0
0.0
0.0
0.0
0.0
0.0
0.0
0.0
0.0
0.0
0.0
0.0
0.0
0.07618312941514711
0.06391155836783982
0.3510914392323898
0.2151175064341121
0.16434677230084793
0.35059533263356335
0.36382687192566765
0.46141436048685286
0.20971015759600783
0.2965922365650112
0.43980136948897375
0.0
0.0
0.0
0.0
0.0
0.0
0.0
0.0
0.0
0.0
0.0
0.0
0.0
0.0
0.0
0.0
0.0
0.0
0.0
0.0
0.0
0.0
0.0
0.0
0.0
0.063368443441603
0.1473846797779956
0.617505937833636
0.16221349059732998
0.1611342661828331
0.013954906054509528
0.05178076863380348
0.04969181194575485
0.07237325842042514
0.22135910714296608
0.6936051748548355
0.0
0.0
0.0
0.0
0.0
0.0
0.0
0.0
0.0
0.0
0.0
0.0
0.0
0.0
0.0
0.0
0.0
0.0
0.0
0.0
0.0
0.0
0.0
0.0
0.0
0.21809778299635366
0.12386549413872894
0.48319445279607925
0.3095647382167276
0.14353023208217336
0.22940803409372443
0.14176873658563896
0.1858497727530267
0.03611041336307486
0.1835809376415533
0.6670158027373838
0.0
0.0
0.0
0.0
0.0
0.0
0.0
0.0
0.0
0.0
0.0
0.0
0.0
0.0
0.0
0.0
0.0
0.0
0.0
0.0
0.0
0.0
0.0
0.0
0.0
0.06393967637698778
0.06628879185215035
0.39864139245706404
0.4252156633576637
0.3637651938510114
0.4103651980265762
0.15538231093664243
0.27890216551453184
0.31919026092760094
0.2499890828201757
0.2911398925343604
0.0
0.0
0.0
0.0
0.0
0.0
0.0
0.0
0.0
0.0
0.0
0.0
0.0
0.0
0.0
0.0
0.0
0.0
0.0
0.0
0.0
0.0
0.0
0.0
0.0
0.33970164291199223
0.16260540075627622
0.19805864566600012
0.1734954527941148
0.26359348736210164
0.3701317961603733
0.22805033393849053
0.3997223116031897
0.5004115709010161
0.2762588263277307
0.2093794270157125
0.0
0.0
0.0
0.0
0.0
0.0
0.0
0.0
0.0
0.0
0.0
0.0
0.0
0.0
0.0
0.0
0.0
0.0
0.0
0.0
0.0
0.0
0.0
0.0
0.0
0.013262722028730828
0.020759103773500324
0.3058299174317169
0.07918917793638539
0.025305309460564314
0.06658909263195066
0.09444683218839163
0.30637533678576484
0.2702695964139763
0.6813494301634837
0.5044274752043613
0.0
0.0
0.0
0.0
0.0
0.0
0.0
0.0
0.0
0.0
0.0
0.0
0.0
0.0
0.0
0.0
0.0
0.0
0.0
0.0
0.0
0.0
0.0
0.0
0.0
0.21268146557348988
0.1403431386503849
0.40845280656071
0.38356208615719
0.19495591287838393
0.11314652279077747
0.09778139771775284
0.040250229705478494
0.16790413708962296
0.35642951495988073
0.6355248254847948
0.0
0.0
0.0
0.0
0.0
0.0
0.0
0.0
0.0
0.0
0.0
0.0
0.0
0.0
0.0
0.0
0.0
0.0
0.0
0.0
0.0
0.0
0.0
0.0
0.0
0.0831690018685813
0.0786724820966784
0.6682753504771793
0.27307603865553076
0.2373223962147345
0.2952904162151886
0.28450174885540147
0.31342361407517927
0.08511100266307504
0.1259256321992448
0.3463177536761186
0.0
0.0
0.0
0.0
0.0
0.0
0.0
0.0
0.0
0.0
0.0
0.0
0.0
0.0
0.0
0.0
0.0
0.0
0.0
0.0
0.0
0.0
0.0
0.0
0.0
0.1470307700097118
0.08650617839223089
0.23169047875897258
0.07003876043389917
0.04469897860191814
0.0350778056898306
0.05772527186801461
0.3379926381210684
0.7752816685225977
0.2909444420582081
0.325273288745871
0.0
0.0
0.0
0.0
0.0
0.0
0.0
0.0
0.0
0.0
0.0
0.0
0.0
0.0
0.0
0.0
0.0
0.0
0.0
0.0
0.0
0.0
0.0
0.0
0.0
0.1644459681293434
0.13291630185541947
0.6492961155600065
0.07211924350113291
0.015080959394372626
0.017462007781278977
0.015354592416217295
0.06888549809451834
0.06777870910470922
0.17226850455695164
0.6990854209782932
0.0
0.0
0.0
0.0
0.0
0.0
0.0
0.0
0.0
0.0
0.0
0.0
0.0
0.0
0.0
0.0
0.0
0.0
0.0
0.0
0.0
0.0
0.0
0.0
0.0
0.11201641349829702
0.03744577043661644
0.7043902052320292
0.1403120737077386
0.3139441282696434
0.12995783631574004
0.03579869894513588
0.0337912710929361
0.02691985183751764
0.09242290371645025
0.5857107433118934
0.0
0.0
0.0
0.0
0.0
0.0
0.0
0.0
0.0
0.0
0.0
0.0
0.0
0.0
0.0
0.0
0.0
0.0
0.0
0.0
0.0
0.0
0.0
0.0
0.0
0.45283193896600454
0.27745500647087334
0.35103357582707967
0.12403126663302087
0.18431081251558393
0.1615387063967365
0.27461349897635023
0.2644061905999196
0.2036874523866675
0.21341005740771185
0.535661049910654
0.0
0.0
0.0
0.0
0.0
0.0
0.0
0.0
0.0
0.0
0.0
0.0
0.0
0.0
0.0
0.0
0.0
0.0
0.0
0.0
0.0
0.0
0.0
0.0
0.0
0.6009994460849163
0.15787737740387722
0.5112038891991306
0.15896132913938807
0.07391192716592956
0.06181025007416363
0.0023071540343385824
0.03413510754335861
0.1346793591060476
0.10566211023809413
0.5362082237229207
0.0
0.0
0.0
0.0
0.0
0.0
0.0
0.0
0.0
0.0
0.0
0.0
0.0
0.0
0.0
0.0
0.0
0.0
0.0
0.0
0.0
0.0
0.0
0.0
0.0
0.4793643405678574
0.3071109275771204
0.5356024340780717
0.16227621377123555
0.0797438990806731
0.11279246842644133
0.13468791938627905
0.036480179269447154
0.06586382967545647
0.12441497217639895
0.551651313208584
0.0
0.0
0.0
0.0
0.0
0.0
0.0
0.0
0.0
0.0
0.0
0.0
0.0
0.0
0.0
0.0
0.0
0.0
0.0
0.0
0.0
0.0
0.0
0.0
0.0
0.295832535593513
0.3155533525754576
0.09406683981510772
0.13456638762765558
0.19485967080506297
0.289558988331491
0.6281483735959342
0.49205380763644857
0.1261412490937045
0.08307517564570996
0.06809832676872496
0.0
0.0
0.0
0.0
0.0
0.0
0.0
0.0
0.0
0.0
0.0
0.0
0.0
0.0
0.0
0.0
0.0
0.0
0.0
0.0
0.0
0.0
0.0
0.0
0.0
0.14919608208166446
0.13069281438750055
0.14651920227836013
0.0759728669077886
0.334053266188058
0.4081648451851695
0.3458831604843482
0.5952656775182282
0.22461413038439504
0.2085442512258127
0.295485090816758
0.0
0.0
0.0
0.0
0.0
0.0
0.0
0.0
0.0
0.0
0.0
0.0
0.0
0.0
0.0
0.0
0.0
0.0
0.0
0.0
0.0
0.0
0.0
0.0
0.0
0.16887272748627422
0.043726567295363034
0.050288850313127346
0.06745407436052268
0.06812702426671635
0.23415473313662488
0.7266411050896914
0.5566860485896101
0.20266075576116174
0.06480015491003681
0.14086924370566556
0.0
0.0
0.0
0.0
0.0
0.0
0.0
0.0
0.0
0.0
0.0
0.0
0.0
0.0
0.0
0.0
0.0
0.0
0.0
0.0
0.0
0.0
0.0
0.0
0.0
0.28238350254785527
0.2651753240371743
0.5217627539077636
0.12823563987671585
0.10185112809383694
0.13220707579256125
0.35313220525948663
0.1950246542133177
0.16348715130584815
0.14282898905955163
0.5688087132126638
0.0
0.0
0.0
0.0
0.0
0.0
0.0
0.0
0.0
0.0
0.0
0.0
0.0
0.0
0.0
0.0
0.0
0.0
0.0
0.0
0.0
0.0
0.0
0.0
0.0
0.7488325291181614
0.30599395970833865
0.39217759378530154
0.18377987636451124
0.02298001609680365
0.05861287816649338
0.01690765042832579
0.016697620378158085
0.02299786165804771
0.11002346119133471
0.3753357676578301
0.0
0.0
0.0
0.0
0.0
0.0
0.0
0.0
0.0
0.0
0.0
0.0
0.0
0.0
0.0
0.0
0.0
0.0
0.0
0.0
0.0
0.0
0.0
0.0
0.0
0.47309019856342327
0.1430125711608518
0.7121339059745816
0.26331562956999993
0.10058524306006374
0.09003531852687538
0.04168194908699818
0.00656301633752658
0.010490380518372701
0.04992294822483855
0.39579880127284056
0.0
0.0
0.0
0.0
0.0
0.0
0.0
0.0
0.0
0.0
0.0
0.0
0.0
0.0
0.0
0.0
0.0
0.0
0.0
0.0
0.0
0.0
0.0
0.0
0.0
0.6063933343250495
0.06735390446304075
0.633180649709766
0.03361449008646887
0.0034524701892738262
0.001304232684642417
0.0004965068951025695
0.005848421658985568
0.0074167799466243085
0.03494446773184008
0.4736863001512054
0.0
0.0
0.0
0.0
0.0
0.0
0.0
0.0
0.0
0.0
0.0
0.0
0.0
0.0
0.0
0.0
0.0
0.0
0.0
0.0
0.0
0.0
0.0
0.0
0.0
0.587014069852159
0.11693115665832449
0.43642754799095285
0.057736256991728234
0.03557352523183247
0.36338948707575547
0.21190231135744447
0.12149629086378246
0.0644847858895656
0.1456329695759105
0.4791560535730867
0.0
0.0
0.0
0.0
0.0
0.0
0.0
0.0
0.0
0.0
0.0
0.0
0.0
0.0
0.0
0.0
0.0
0.0
0.0
0.0
0.0
0.0
0.0
0.0
0.0
0.5806014326435716
0.20514485239783004
0.12713511002414388
0.1682286489358105
0.08651798602903962
0.2575774684768448
0.6224268849513044
0.19224507751306094
0.11100722921635749
0.1458071167271106
0.21110689255699608
0.0
0.0
0.0
0.0
0.0
0.0
0.0
0.0
0.0
0.0
0.0
0.0
0.0
0.0
0.0
0.0
0.0
0.0
0.0
0.0
0.0
0.0
0.0
0.0
0.0
0.914130352286644
0.28425326738767914
0.08760513284627164
0.06647555242654708
0.07635111954252129
0.06785561934262391
0.041264199488031714
0.08187877991503893
0.09701687444363347
0.13943877054493828
0.1541944508951956
0.0
0.0
0.0
0.0
0.0
0.0
0.0
0.0
0.0
0.0
0.0
0.0
0.0
0.0
0.0
0.0
0.0
0.0
0.0
0.0
0.0
0.0
0.0
0.0
0.0
0.4964913373539524
0.1504263783541218
0.5905094801439305
0.21003265242728186
0.1062614531965602
0.015710709759707474
0.017664275969378897
0.07557074178306847
0.06989989382679979
0.08551586486335647
0.5552412544166386
0.0
0.0
0.0
0.0
0.0
0.0
0.0
0.0
0.0
0.0
0.0
0.0
0.0
0.0
0.0
0.0
0.0
0.0
0.0
0.0
0.0
0.0
0.0
0.0
0.0
0.09579708557367467
0.1370415735900635
0.30278460034015575
0.07383755243812608
0.13580872000272895
0.3313892710428496
0.7104421211229978
0.24525285084824228
0.16976878249293004
0.13995992546921746
0.36518759726727107
0.0
0.0
0.0
0.0
0.0
0.0
0.0
0.0
0.0
0.0
0.0
0.0
0.0
0.0
0.0
0.0
0.0
0.0
0.0
0.0
0.0
0.0
0.0
0.0
0.0
0.08275000495805365
0.042907380162726744
0.6439506407933324
0.13570084164154497
0.16192245988119933
0.07118236639080622
0.09858952420587645
0.11470575738842093
0.13973653991670176
0.2085131214732023
0.6641213047569623
0.0
0.0
0.0
0.0
0.0
0.0
0.0
0.0
0.0
0.0
0.0
0.0
0.0
0.0
0.0
0.0
0.0
0.0
0.0
0.0
0.0
0.0
0.0
0.0
0.0
0.055977096208583856
0.07508390401906435
0.26359777325235156
0.10036866896396249
0.04602455935175268
0.1430222640674079
0.49870958179689007
0.654547503891749
0.15081166152014414
0.16308609713606306
0.40325274214211704
0.0
0.0
0.0
0.0
0.0
0.0
0.0
0.0
0.0
0.0
0.0
0.0
0.0
0.0
0.0
0.0
0.0
0.0
0.0
0.0
0.0
0.0
0.0
0.0
0.0
0.29151552115291507
0.07164689144454878
0.5569080296448509
0.11149088162180687
0.0149253623440141
0.04749352017641795
0.18231481750686207
0.25529922214957956
0.08578275508061056
0.12148658626923699
0.6813928349934406
0.0
0.0
0.0
0.0
0.0
0.0
0.0
0.0
0.0
0.0
0.0
0.0
0.0
0.0
0.0
0.0
0.0
0.0
0.0
0.0
0.0
0.0
0.0
0.0
0.0
0.17527426138677626
0.08213595727546136
0.6708093472729715
0.05503727299617562
0.010062471792754619
0.0011999067593659813
0.0037178124867719227
0.00039750157769777555
0.0005148721034323063
0.00293012531459448
0.7137175996362102
0.0
0.0
0.0
0.0
0.0
0.0
0.0
0.0
0.0
0.0
0.0
0.0
0.0
0.0
0.0
0.0
0.0
0.0
0.0
0.0
0.0
0.0
0.0
0.0
0.0
0.1664681155756466
0.06155254831764389
0.6956800048993053
0.09891350181147515
0.006469022570624889
0.0
0.0002328505252185128
0.0027427777306351206
0.0071171020306502715
0.059944825765071805
0.686332018527189
0.0
0.0
0.0
0.0
0.0
0.0
0.0
0.0
0.0
0.0
0.0
0.0
0.0
0.0
0.0
0.0
0.0
0.0
0.0
0.0
0.0
0.0
0.0
0.0
0.0
0.3159172064597299
0.016771510325770685
0.61617194019402
0.03385560514994053
0.016079589559807303
0.007679239404348753
0.007545727579688357
0.008540177436303607
0.036267863790361676
0.027695741468791706
0.7187288533435451
0.0
0.0
0.0
0.0
0.0
0.0
0.0
0.0
0.0
0.0
0.0
0.0
0.0
0.0
0.0
0.0
0.0
0.0
0.0
0.0
0.0
0.0
0.0
0.0
0.0
0.24578175089149026
0.03251517553984054
0.6411305485925597
0.1130242572852445
0.045798007945151535
0.024460544492417895
0.07426287686990742
0.025807749626768055
0.01787884139216297
0.10103725304250796
0.7037799806420645
0.0
0.0
0.0
0.0
0.0
0.0
0.0
0.0
0.0
0.0
0.0
0.0
0.0
0.0
0.0
0.0
0.0
0.0
0.0
0.0
0.0
0.0
0.0
0.0
0.0
0.047730775614061784
0.06315866555420489
0.9816903760935165
0.12778006698343322
0.013807380207245036
0.008214642615233407
0.003046720722427681
0.008184694370918696
0.007988843143952918
0.022946683554492545
0.11297897264647747
0.0
0.0
0.0
0.0
0.0
0.0
0.0
0.0
0.0
0.0
0.0
0.0
0.0
0.0
0.0
0.0
0.0
0.0
0.0
0.0
0.0
0.0
0.0
0.0
0.0
0.02607260989953982
0.019784127824052856
0.9765155077892157
0.09379934018399035
0.010369537813095414
0.012855663636038675
7.815621609798154e-05
0.004073477722742959
0.008673187883823008
0.013315531825177078
0.18975255418702225
0.0
0.0
0.0
0.0
0.0
0.0
0.0
0.0
0.0
0.0
0.0
0.0
0.0
0.0
0.0
0.0
0.0
0.0
0.0
0.0
0.0
0.0
0.0
0.0
0.0
0.40378604212712715
0.14361878393620975
0.7817215923788073
0.09129291607147358
0.02875666820052551
0.10430808606267516
0.09353023798519759
0.22491489894528108
0.26179661510288504
0.15472648943900674
0.18272366673550666
0.0
0.0
0.0
0.0
0.0
0.0
0.0
0.0
0.0
0.0
0.0
0.0
0.0
0.0
0.0
0.0
0.0
0.0
0.0
0.0
0.0
0.0
0.0
0.0
0.0
0.34970256853908144
0.0852790456094651
0.4721099875015089
0.27264959742684236
0.15034486228986724
0.12957219330003725
0.11381215487706428
0.197665208903993
0.1757902495393293
0.26683119190941573
0.6161911923665842
0.0
0.0
0.0
0.0
0.0
0.0
0.0
0.0
0.0
0.0
0.0
0.0
0.0
0.0
0.0
0.0
0.0
0.0
0.0
0.0
0.0
0.0
0.0
0.0
0.0
0.7012772852602633
0.1477813854128257
0.29773741680539817
0.18374564906592766
0.09002061697911157
0.10906871518650475
0.14326708920210257
0.10722219840677535
0.10540542117854751
0.1585596375977768
0.5250595986214569
0.0
0.0
0.0
0.0
0.0
0.0
0.0
0.0
0.0
0.0
0.0
0.0
0.0
0.0
0.0
0.0
0.0
0.0
0.0
0.0
0.0
0.0
0.0
0.0
0.0
0.3607197001809304
0.13734924893155037
0.30095987299856014
0.20484405572834696
0.21048984965758805
0.4129697748435002
0.24144438719563138
0.30368023328360033
0.22946994673659274
0.4595998450778204
0.29870217174854746
0.0
0.0
0.0
0.0
0.0
0.0
0.0
0.0
0.0
0.0
0.0
0.0
0.0
0.0
0.0
0.0
0.0
0.0
0.0
0.0
0.0
0.0
0.0
0.0
0.0
0.42368789916700866
0.08482071526378425
0.7913684187549662
0.10901780389626703
0.02246248472713155
0.008100202910802877
0.06637393144507618
0.07832157709963666
0.10894219883684964
0.08233067293850196
0.38129839689724504
0.0
0.0
0.0
0.0
0.0
0.0
0.0
0.0
0.0
0.0
0.0
0.0
0.0
0.0
0.0
0.0
0.0
0.0
0.0
0.0
0.0
0.0
0.0
0.0
0.0
0.4809455998992241
0.039459698028315754
0.8212241882453745
0.28608464262091177
0.010898005722948495
0.0
0.005218747600481152
0.0008852609059794268
0.0030767250535060327
0.0
0.10355877696795605
0.0
0.0
0.0
0.0
0.0
0.0
0.0
0.0
0.0
0.0
0.0
0.0
0.0
0.0
0.0
0.0
0.0
0.0
0.0
0.0
0.0
0.0
0.0
0.0
0.0
0.6449937447168703
0.09170680411560295
0.7098030877286141
0.194063705033718
0.03883664778580756
0.0013223457706182048
0.0002416097734559311
0.0
0.0
0.03135724716600098
0.17775943648603965
0.0
0.0
0.0
0.0
0.0
0.0
0.0
0.0
0.0
0.0
0.0
0.0
0.0
0.0
0.0
0.0
0.0
0.0
0.0
0.0
0.0
0.0
0.0
0.0
0.0
0.9004275709193449
0.049474048262513316
0.1888079163074869
0.315844434248333
0.05295416136998704
0.0
0.03496747136146592
0.10424266881221791
0.13106532619523112
0.1154752415135041
0.07726784438956684
0.0
0.0
0.0
0.0
0.0
0.0
0.0
0.0
0.0
0.0
0.0
0.0
0.0
0.0
0.0
0.0
0.0
0.0
0.0
0.0
0.0
0.0
0.0
0.0
0.0
0.9814500695766565
0.17301884213748173
0.06355603326402649
0.033095776566982794
0.015604841148224208
0.008481764179963783
0.0028549899615467186
0.002774730868220533
0.006108580127477652
0.018745212590462308
0.03107317438529188
0.0
0.0
0.0
0.0
0.0
0.0
0.0
0.0
0.0
0.0
0.0
0.0
0.0
0.0
0.0
0.0
0.0
0.0
0.0
0.0
0.0
0.0
0.0
0.0
0.0
0.7292330594455254
0.09491938746846455
0.552639655774005
0.10813518719366172
0.01845562902455564
0.00324283359322766
0.009175075443119676
0.04645536031091357
0.07529368122887024
0.04668933623278954
0.3628542486683172
0.0
0.0
0.0
0.0
0.0
0.0
0.0
0.0
0.0
0.0
0.0
0.0
0.0
0.0
0.0
0.0
0.0
0.0
0.0
0.0
0.0
0.0
0.0
0.0
0.0
0.8494626266162014
0.08159525706657599
0.39226692113923434
0.11521708531555017
0.06091595919665657
0.010157599447845672
0.018404567794080378
0.03523414817364478
0.055147247778054166
0.0427625929829654
0.30715335472228955
0.0
0.0
0.0
0.0
0.0
0.0
0.0
0.0
0.0
0.0
0.0
0.0
0.0
0.0
0.0
0.0
0.0
0.0
0.0
0.0
0.0
0.0
0.0
0.0
0.0
0.7091974481368433
0.08282322471589862
0.6319471599025523
0.11091701464807235
0.025832957238333763
0.02790499846393843
0.02701440560240185
0.006340548172441228
0.053171464968614655
0.06139320995880677
0.2640211237011607
0.0
0.0
0.0
0.0
0.0
0.0
0.0
0.0
0.0
0.0
0.0
0.0
0.0
0.0
0.0
0.0
0.0
0.0
0.0
0.0
0.0
0.0
0.0
0.0
0.0
0.47138420697749706
0.27223044982791245
0.26527326838367754
0.4357111001817038
0.289605612902809
0.23638499036714541
0.26074015798581185
0.15499902415232525
0.2549134503635128
0.1933752030831745
0.33066478999760873
0.0
0.0
0.0
0.0
0.0
0.0
0.0
0.0
0.0
0.0
0.0
0.0
0.0
0.0
0.0
0.0
0.0
0.0
0.0
0.0
0.0
0.0
0.0
0.0
0.0
0.5966448310622388
0.36821335027910457
0.1970148278545548
0.1961817563157599
0.22309203507888486
0.07648340714129102
0.13117698083850846
0.12326891779024932
0.18188337182844985
0.288740910706643
0.4760845321948633
0.0
0.0
0.0
0.0
0.0
0.0
0.0
0.0
0.0
0.0
0.0
0.0
0.0
0.0
0.0
0.0
0.0
0.0
0.0
0.0
0.0
0.0
0.0
0.0
0.0
0.255056339285785
0.17360046858730394
0.4361907980899343
0.05316233794675412
0.13389066907409825
0.14328408930541917
0.3893493043381943
0.21719914164188256
0.25058929238251826
0.23344589336200602
0.5976647275571383
0.0
0.0
0.0
0.0
0.0
0.0
0.0
0.0
0.0
0.0
0.0
0.0
0.0
0.0
0.0
0.0
0.0
0.0
0.0
0.0
0.0
0.0
0.0
0.0
0.0
0.9816926566539245
0.13523660408116497
0.11293707792036982
0.05580810958123768
0.013923617921077167
0.017239582543620454
0.02414462415352504
0.02670770996988572
0.004868222934758773
0.008931436393955374
0.01518074385160706
0.0
0.0
0.0
0.0
0.0
0.0
0.0
0.0
0.0
0.0
0.0
0.0
0.0
0.0
0.0
0.0
0.0
0.0
0.0
0.0
0.0
0.0
0.0
0.0
0.0
0.9435666166159483
0.3287042955716506
0.032562994210734685
0.018229949487231726
0.004465523402776811
0.0022370945969157376
0.0019184987673646653
0.0037803633603169695
0.0038912954919098504
0.007826017472604195
0.011114874005677731
0.0
0.0
0.0
0.0
0.0
0.0
0.0
0.0
0.0
0.0
0.0
0.0
0.0
0.0
0.0
0.0
0.0
0.0
0.0
0.0
0.0
0.0
0.0
0.0
0.0
0.9641744121618018
0.2636100940636742
0.012439384079598345
0.010903255281162308
0.009158998303584362
0.003521950327991708
0.0029641059958155982
0.0025840098683544426
0.005251199595052569
0.012348948242916416
0.01766284101987868
0.0
0.0
0.0
0.0
0.0
0.0
0.0
0.0
0.0
0.0
0.0
0.0
0.0
0.0
0.0
0.0
0.0
0.0
0.0
0.0
0.0
0.0
0.0
0.0
0.0
0.510273358623266
0.8536029813701794
0.03801074353105959
0.051914280820844476
0.027354305042230374
0.011420633075447408
0.002642494741987259
0.01056045910660961
0.019216783525400506
0.053331774467081344
0.051306750260393344
0.0
0.0
0.0
0.0
0.0
0.0
0.0
0.0
0.0
0.0
0.0
0.0
0.0
0.0
0.0
0.0
0.0
0.0
0.0
0.0
0.0
0.0
0.0
0.0
0.0
0.6011426382438434
0.3130353078763615
0.537028384457158
0.12233467645641977
0.014898244755330935
0.015470792951468767
0.007234780756707133
0.00779200389813822
0.007173045087547702
0.10326402959372769
0.475375528229184
0.0
0.0
0.0
0.0
0.0
0.0
0.0
0.0
0.0
0.0
0.0
0.0
0.0
0.0
0.0
0.0
0.0
0.0
0.0
0.0
0.0
0.0
0.0
0.0
0.0
0.8701757660438116
0.17026758461758884
0.43676492928975835
0.05153075116612776
0.006557722080196753
0.002391001803706623
0.0014685377111698175
0.0045491238420996925
0.006119460280717664
0.007681573862309987
0.14218311409920995
0.0
0.0
0.0
0.0
0.0
0.0
0.0
0.0
0.0
0.0
0.0
0.0
0.0
0.0
0.0
0.0
0.0
0.0
0.0
0.0
0.0
0.0
0.0
0.0
0.0
0.9438363835303023
0.2772246938622999
0.13051943403188235
0.10312556154009525
0.027405799480424802
0.012388113660626967
0.006632667163974745
0.007049142622781628
0.00605458750458408
0.017653472011083103
0.05746840122954863
0.0
0.0
0.0
0.0
0.0
0.0
0.0
0.0
0.0
0.0
0.0
0.0
0.0
0.0
0.0
0.0
0.0
0.0
0.0
0.0
0.0
0.0
0.0
0.0
0.0
0.9824674683779019
0.17243903524802623
0.04350320828094674
0.039925750346743345
0.007560303838413186
0.009979472273109889
0.003551483369853633
0.007640801050640605
0.0024550205458727923
0.010957305575953568
0.03438059660904817
0.0
0.0
0.0
0.0
0.0
0.0
0.0
0.0
0.0
0.0
0.0
0.0
0.0
0.0
0.0
0.0
0.0
0.0
0.0
0.0
0.0
0.0
0.0
0.0
0.0
0.22104279413989752
0.36306258677611514
0.0065517511981077236
0.0010329298032224572
0.0056214542369470225
0.027897390970832603
0.8265722835466394
0.36705106698793105
0.013297904916619275
0.015553530821352473
0.010237743068575274
0.0
0.0
0.0
0.0
0.0
0.0
0.0
0.0
0.0
0.0
0.0
0.0
0.0
0.0
0.0
0.0
0.0
0.0
0.0
0.0
0.0
0.0
0.0
0.0
0.0
0.6218332962092293
0.6192038919832218
0.03154306039515498
0.022352692404696277
0.027057522286719433
0.04098822117596695
0.060517801339434255
0.19988008056859433
0.3004793447287229
0.30150629414454
0.03456599007195032
0.0
0.0
0.0
0.0
0.0
0.0
0.0
0.0
0.0
0.0
0.0
0.0
0.0
0.0
0.0
0.0
0.0
0.0
0.0
0.0
0.0
0.0
0.0
0.0
0.0
0.46859740780060677
0.05711201121976096
0.00017871867024055025
0.03168952998410435
0.05568073506006875
0.26546438867039324
0.7838956940661614
0.2930973263072624
0.042208083576582275
0.01982598390416458
0.0023768879071465656
0.0
0.0
0.0
0.0
0.0
0.0
0.0
0.0
0.0
0.0
0.0
0.0
0.0
0.0
0.0
0.0
0.0
0.0
0.0
0.0
0.0
0.0
0.0
0.0
0.0
0.7808390682128996
0.38585337151066185
0.062064167948622406
0.02683243446304261
0.02607440658700362
0.11896720853038252
0.3561836221059364
0.24990099248191192
0.05292726084930813
0.08137182632268694
0.15252070554345273
0.0
0.0
0.0
0.0
0.0
0.0
0.0
0.0
0.0
0.0
0.0
0.0
0.0
0.0
0.0
0.0
0.0
0.0
0.0
0.0
0.0
0.0
0.0
0.0
0.0
0.6619423866487646
0.370579443461822
0.45060283463659484
0.23739641782616316
0.0985801942803233
0.02203085137111398
0.028771077674985896
0.023150660935104036
0.09607517593183965
0.164901564742876
0.3422178727773543
0.0
0.0
0.0
0.0
0.0
0.0
0.0
0.0
0.0
0.0
0.0
0.0
0.0
0.0
0.0
0.0
0.0
0.0
0.0
0.0
0.0
0.0
0.0
0.0
0.0
0.062028043469377916
0.05436825394328505
0.7616337971838248
0.5627669689690763
0.048697508953398146
0.029038675587373546
0.10267630126802346
0.08335836263896897
0.04534960425284288
0.08050971348012056
0.2591520409308389
0.0
0.0
0.0
0.0
0.0
0.0
0.0
0.0
0.0
0.0
0.0
0.0
0.0
0.0
0.0
0.0
0.0
0.0
0.0
0.0
0.0
0.0
0.0
0.0
0.0
0.025008946328789868
0.03415669734756258
0.6674774147855465
0.6953508595526074
0.08345183188817819
0.0050834458913333585
0.011001366441103425
0.008549948759574629
0.0027590986943408667
0.04270563617496496
0.24526188076989344
0.0
0.0
0.0
0.0
0.0
0.0
0.0
0.0
0.0
0.0
0.0
0.0
0.0
0.0
0.0
0.0
0.0
0.0
0.0
0.0
0.0
0.0
0.0
0.0
0.0
0.36061163648431294
0.08214706922860579
0.6734114375472696
0.23495209805516332
0.05121084767832774
0.010464576393071197
0.00927935181107065
0.05135797909929858
0.06204399964815121
0.11398733888690087
0.5763915995780812
0.0
0.0
0.0
0.0
0.0
0.0
0.0
0.0
0.0
0.0
0.0
0.0
0.0
0.0
0.0
0.0
0.0
0.0
0.0
0.0
0.0
0.0
0.0
0.0
0.0
0.9847323759661505
0.11618148717585543
0.07155367123065672
0.04423045414812584
0.01461857635014952
0.006569247817260045
0.008049162808488693
0.024085598827160135
0.03436875732822367
0.05808673255390631
0.06535063854077391
0.0
0.0
0.0
0.0
0.0
0.0
0.0
0.0
0.0
0.0
0.0
0.0
0.0
0.0
0.0
0.0
0.0
0.0
0.0
0.0
0.0
0.0
0.0
0.0
0.0
0.6863994513236602
0.5423355485994125
0.29632947205947613
0.1503374851555482
0.061053030779094526
0.06958738999550415
0.03329497014778571
0.06031816574219831
0.0856509016869342
0.2335994467980997
0.22157151987677065
0.0
0.0
0.0
0.0
0.0
0.0
0.0
0.0
0.0
0.0
0.0
0.0
0.0
0.0
0.0
0.0
0.0
0.0
0.0
0.0
0.0
0.0
0.0
0.0
0.0
0.5010754638868943
0.459869850214904
0.32275492656017396
0.31904539914218977
0.26034325494452637
0.06064537869731122
0.03754963444307817
0.04888488128156946
0.061946747148988096
0.18057581335876208
0.4688082637406268
0.0
0.0
0.0
0.0
0.0
0.0
0.0
0.0
0.0
0.0
0.0
0.0
0.0
0.0
0.0
0.0
0.0
0.0
0.0
0.0
0.0
0.0
0.0
0.0
0.0
0.008889523697811444
0.0014014961322972345
0.034586277414109814
0.003315258578542062
0.009706804122163676
0.3063940282736793
0.7999916156990179
0.5013164003692453
0.10375317053297865
0.012622515251103038
0.050115080458462316
0.0
0.0
0.0
0.0
0.0
0.0
0.0
0.0
0.0
0.0
0.0
0.0
0.0
0.0
0.0
0.0
0.0
0.0
0.0
0.0
0.0
0.0
0.0
0.0
0.0
0.028558768242979937
0.02023790190283476
0.005192127997555087
0.01749248239306367
0.07708455064355904
0.183443545861949
0.7545060700643095
0.6214281608139968
0.04666287789875179
0.032046878517772194
0.013839113779210854
0.0
0.0
0.0
0.0
0.0
0.0
0.0
0.0
0.0
0.0
0.0
0.0
0.0
0.0
0.0
0.0
0.0
0.0
0.0
0.0
0.0
0.0
0.0
0.0
0.0
0.00023695832967596516
0.04201630463757786
0.02166385620193272
0.045728414108867764
0.29599569732926695
0.5371156881268845
0.7607622874017792
0.19364863864363627
0.031176069163415504
0.017302806794456782
0.04513380784597297
0.0
0.0
0.0
0.0
0.0
0.0
0.0
0.0
0.0
0.0
0.0
0.0
0.0
0.0
0.0
0.0
0.0
0.0
0.0
0.0
0.0
0.0
0.0
0.0
0.0
0.06983939125144147
0.03019392590978398
0.15739525505111437
0.15873722720513597
0.213407383278593
0.09908466301824231
0.7156834553553287
0.53715828262674
0.1997109436147609
0.1725264474690855
0.13597009241555408
0.0
0.0
0.0
0.0
0.0
0.0
0.0
0.0
0.0
0.0
0.0
0.0
0.0
0.0
0.0
0.0
0.0
0.0
0.0
0.0
0.0
0.0
0.0
0.0
0.0
0.522657565634619
0.27535786349739183
0.4120779632903653
0.29179306533767796
0.10452073243628388
0.06514848271675638
0.008636029367832806
0.043566668337461305
0.18713454224674717
0.3235702914891765
0.48907776574638956
0.0
0.0
0.0
0.0
0.0
0.0
0.0
0.0
0.0
0.0
0.0
0.0
0.0
0.0
0.0
0.0
0.0
0.0
0.0
0.0
0.0
0.0
0.0
0.0
0.0
0.6706562157730726
0.49554414098536853
0.3183450090379038
0.02972505786040657
0.002069630681216088
0.0075630715265135534
0.0019238903476878624
0.0036647955365556907
0.029897973062833427
0.15890701119963108
0.4197680052502041
0.0
0.0
0.0
0.0
0.0
0.0
0.0
0.0
0.0
0.0
0.0
0.0
0.0
0.0
0.0
0.0
0.0
0.0
0.0
0.0
0.0
0.0
0.0
0.0
0.0
0.6840158202659964
0.7125798986357579
0.11706066412269603
0.06372625490077699
0.017446746181360006
0.0032079496570558003
0.004322789623589901
0.009288994914450765
0.010218707978208095
0.02225422149782246
0.07462363459639403
0.0
0.0
0.0
0.0
0.0
0.0
0.0
0.0
0.0
0.0
0.0
0.0
0.0
0.0
0.0
0.0
0.0
0.0
0.0
0.0
0.0
0.0
0.0
0.0
0.0
0.7594539795439477
0.2649721937009251
0.4463503706131082
0.14743686800158554
0.03074032212281007
0.021858066662871288
0.010464985100600205
0.028123272809366825
0.04810371130547688
0.1242662432865146
0.33462495871734116
0.0
0.0
0.0
0.0
0.0
0.0
0.0
0.0
0.0
0.0
0.0
0.0
0.0
0.0
0.0
0.0
0.0
0.0
0.0
0.0
0.0
0.0
0.0
0.0
0.0
0.38816419858173173
0.23994127054598266
0.5681975690393117
0.22319500255229113
0.09193020102368879
0.08376829536759745
0.020062782378917402
0.01830912382255939
0.030126444111652023
0.1684685996994745
0.6112257805927234
0.0
0.0
0.0
0.0
0.0
0.0
0.0
0.0
0.0
0.0
0.0
0.0
0.0
0.0
0.0
0.0
0.0
0.0
0.0
0.0
0.0
0.0
0.0
0.0
0.0
0.4176301702687895
0.21187723612820925
0.6742675629989853
0.19511181686871162
0.033861645632183995
0.0487962807041021
0.022341733630564076
0.09015947116366864
0.06293846979266476
0.18415797248012383
0.48780808616923926
0.0
0.0
0.0
0.0
0.0
0.0
0.0
0.0
0.0
0.0
0.0
0.0
0.0
0.0
0.0
0.0
0.0
0.0
0.0
0.0
0.0
0.0
0.0
0.0
0.0
0.3846232347145316
0.3802026346946545
0.5240760572229952
0.3256649355273195
0.15278180952898512
0.0730575657836048
0.03971149143067882
0.0718370002762473
0.12667889040060165
0.31106418854240236
0.42257761752650136
0.0
0.0
0.0
0.0
0.0
0.0
0.0
0.0
0.0
0.0
0.0
0.0
0.0
0.0
0.0
0.0
0.0
0.0
0.0
0.0
0.0
0.0
0.0
0.0
0.0
0.031253125789496065
0.0029957602010562538
0.018359942146485484
0.009249503379955339
0.0034057844364575587
0.005120476649732731
0.8075084066298263
0.5768171419015514
0.07360429969197488
0.026016785838737493
0.08758709987331177
0.0
0.0
0.0
0.0
0.0
0.0
0.0
0.0
0.0
0.0
0.0
0.0
0.0
0.0
0.0
0.0
0.0
0.0
0.0
0.0
0.0
0.0
0.0
0.0
0.0
0.004654757688350017
0.015682060793913728
0.03771145801793319
0.003516609002834235
0.0624195733484177
0.23536576729544262
0.8436329814195943
0.4169543848308733
0.2099666998430611
0.08839992232452454
0.039198346460748795
0.0
0.0
0.0
0.0
0.0
0.0
0.0
0.0
0.0
0.0
0.0
0.0
0.0
0.0
0.0
0.0
0.0
0.0
0.0
0.0
0.0
0.0
0.0
0.0
0.0
0.018390599339331397
0.038819171178960714
0.01776266495837907
0.037097130547545924
0.019688900634389238
0.29761442176892244
0.855108803012173
0.3921590242930717
0.14180449811318693
0.008450134727063355
0.048181591973998385
0.0
0.0
0.0
0.0
0.0
0.0
0.0
0.0
0.0
0.0
0.0
0.0
0.0
0.0
0.0
0.0
0.0
0.0
0.0
0.0
0.0
0.0
0.0
0.0
0.0
0.4684407829571371
0.47243476922014355
0.148814069213539
0.4585855047889832
0.3081457515967926
0.16829861438178106
0.27650466856451433
0.1285995222720237
0.1430138300298408
0.1235408809855928
0.270066894944402
0.0
0.0
0.0
0.0
0.0
0.0
0.0
0.0
0.0
0.0
0.0
0.0
0.0
0.0
0.0
0.0
0.0
0.0
0.0
0.0
0.0
0.0
0.0
0.0
0.0
0.4564740606292288
0.32323001291938774
0.35977895565121104
0.22345570397103393
0.19217699906623953
0.08442605150855292
0.011043522432840694
0.06307138206391012
0.11224619064178991
0.21917880010840368
0.6316503563340796
0.0
0.0
0.0
0.0
0.0
0.0
0.0
0.0
0.0
0.0
0.0
0.0
0.0
0.0
0.0
0.0
0.0
0.0
0.0
0.0
0.0
0.0
0.0
0.0
0.0
0.8316625379842802
0.07765542527783707
0.31501021858449935
0.2764454893143688
0.05668220603317313
0.021527090160057372
0.05127246481371148
0.09858489597067517
0.08309506463594307
0.17233161945017542
0.27207792850800855
0.0
0.0
0.0
0.0
0.0
0.0
0.0
0.0
0.0
0.0
0.0
0.0
0.0
0.0
0.0
0.0
0.0
0.0
0.0
0.0
0.0
0.0
0.0
0.0
0.0
0.48292182681475926
0.26289616297144797
0.6096012696276547
0.09744096747493301
0.01441731427591853
0.01789025044593681
0.013186220478489828
0.031976292647021454
0.030792202366233156
0.1288762386890114
0.545235859300901
0.0
0.0
0.0
0.0
0.0
0.0
0.0
0.0
0.0
0.0
0.0
0.0
0.0
0.0
0.0
0.0
0.0
0.0
0.0
0.0
0.0
0.0
0.0
0.0
0.0
0.3072690204649644
0.10149601074384995
0.7114097101952461
0.08739360622665339
0.042057196679677056
0.007048061883118143
0.0006897188731242791
0.01863783702713863
0.042394985849727534
0.1843798385865195
0.5861597933531241
0.0
0.0
0.0
0.0
0.0
0.0
0.0
0.0
0.0
0.0
0.0
0.0
0.0
0.0
0.0
0.0
0.0
0.0
0.0
0.0
0.0
0.0
0.0
0.0
0.0
0.7660722632761237
0.30092261930343467
0.25675999581299674
0.25626269202638857
0.16316218648563058
0.12007831904315826
0.020085028673595667
0.11970704108313938
0.10943922570985677
0.16154312264400345
0.31166583289447297
0.0
0.0
0.0
0.0
0.0
0.0
0.0
0.0
0.0
0.0
0.0
0.0
0.0
0.0
0.0
0.0
0.0
0.0
0.0
0.0
0.0
0.0
0.0
0.0
0.0
0.6650168619042675
0.19243495504568117
0.5036053823858996
0.28242748816816676
0.08145973240545812
0.03012112574250553
0.01046847238312474
0.03140613979128714
0.06918456197091856
0.14134522526389967
0.392343998486453
0.0
0.0
0.0
0.0
0.0
0.0
0.0
0.0
0.0
0.0
0.0
0.0
0.0
0.0
0.0
0.0
0.0
0.0
0.0
0.0
0.0
0.0
0.0
0.0
0.0
0.6205306428933599
0.3856025647907145
0.3190800155168347
0.43825893637995117
0.18814517048521923
0.12195210010207874
0.14511729614764743
0.1444284270217678
0.10579829755989927
0.14945485223815191
0.21598583042542488
0.0
0.0
0.0
0.0
0.0
0.0
0.0
0.0
0.0
0.0
0.0
0.0
0.0
0.0
0.0
0.0
0.0
0.0
0.0
0.0
0.0
0.0
0.0
0.0
0.0
0.016603220342187
0.008364489465594477
0.011164907560138198
0.002894667687323331
0.0015858121804618159
0.1302587637776094
0.973518036924778
0.1860086920298485
0.0015044874128956212
0.008747491476522568
0.01166576055059361
0.0
0.0
0.0
0.0
0.0
0.0
0.0
0.0
0.0
0.0
0.0
0.0
0.0
0.0
0.0
0.0
0.0
0.0
0.0
0.0
0.0
0.0
0.0
0.0
0.0
0.05911951902937504
0.00551291951541799
0.02057048634599236
0.028507627912167606
0.08190817882661379
0.16104183326952476
0.7465249676640127
0.5650504979822328
0.281857944870546
0.04777393381357307
0.06547821129631451
0.0
0.0
0.0
0.0
0.0
0.0
0.0
0.0
0.0
0.0
0.0
0.0
0.0
0.0
0.0
0.0
0.0
0.0
0.0
0.0
0.0
0.0
0.0
0.0
0.0
0.01613033493567288
0.03368802723501369
0.006787640660264196
0.05371908825212175
0.1528450940557468
0.8959775193694016
0.40999995145568363
0.036684693210280304
0.006869513668747848
0.0029321642018103546
0.005853537451888762
0.0
0.0
0.0
0.0
0.0
0.0
0.0
0.0
0.0
0.0
0.0
0.0
0.0
0.0
0.0
0.0
0.0
0.0
0.0
0.0
0.0
0.0
0.0
0.0
0.0
0.10037682875899842
0.3093212821128522
0.6401273207867282
0.24728383533355694
0.11530278802946542
0.07214437291150266
0.001179290799303954
0.007158357522327065
0.04963352096845741
0.14629205825130684
0.6171835429229953
0.0
0.0
0.0
0.0
0.0
0.0
0.0
0.0
0.0
0.0
0.0
0.0
0.0
0.0
0.0
0.0
0.0
0.0
0.0
0.0
0.0
0.0
0.0
0.0
0.0
0.41690134531557405
0.25893394302438305
0.5441556295708135
0.1994378073672497
0.08446377508806123
0.06754410486053834
0.027291308228086425
0.14866416394550624
0.17808331913894979
0.39827150201785766
0.445409531552464
0.0
0.0
0.0
0.0
0.0
0.0
0.0
0.0
0.0
0.0
0.0
0.0
0.0
0.0
0.0
0.0
0.0
0.0
0.0
0.0
0.0
0.0
0.0
0.0
0.0
0.5368639987552951
0.4711390998618201
0.40238668445176845
0.3070949609620203
0.11055037916205732
0.06542147074257906
0.015736119456329762
0.025829572993319557
0.09109372314963747
0.2422008989085243
0.38627340997873333
0.0
0.0
0.0
0.0
0.0
0.0
0.0
0.0
0.0
0.0
0.0
0.0
0.0
0.0
0.0
0.0
0.0
0.0
0.0
0.0
0.0
0.0
0.0
0.0
0.0
0.8658424225485715
0.13839952037092207
0.2593034648043728
0.14973053403597436
0.13142550259831584
0.09089429500729498
0.07672270135588456
0.10438717986228133
0.115359189336282
0.18442289329251932
0.227745284118735
0.0
0.0
0.0
0.0
0.0
0.0
0.0
0.0
0.0
0.0
0.0
0.0
0.0
0.0
0.0
0.0
0.0
0.0
0.0
0.0
0.0
0.0
0.0
0.0
0.0
0.9432222428426001
0.11587077333058007
0.17780327159547016
0.10115952811163273
0.06031074403220792
0.03602534109219465
0.02551087999909082
0.09598622912364078
0.13420848646354755
0.09495790156810623
0.11502268403076762
0.0
0.0
0.0
0.0
0.0
0.0
0.0
0.0
0.0
0.0
0.0
0.0
0.0
0.0
0.0
0.0
0.0
0.0
0.0
0.0
0.0
0.0
0.0
0.0
0.0
0.34496421876598843
0.3442960772523797
0.44393832135795996
0.31786160492919485
0.2730426295939955
0.13983332622528655
0.2832196375995316
0.16672847037927002
0.23890639093349772
0.35665617422715107
0.2791870215508562
0.0
0.0
0.0
0.0
0.0
0.0
0.0
0.0
0.0
0.0
0.0
0.0
0.0
0.0
0.0
0.0
0.0
0.0
0.0
0.0
0.0
0.0
0.0
0.0
0.0
0.6922095517954343
0.3881987997693625
0.29606848392164176
0.1062528783868393
0.1364602019635969
0.05273670959504975
0.0038052996544678296
0.09533371900461432
0.15275226181348672
0.23615800886291954
0.40198507775891185
0.0
0.0
0.0
0.0
0.0
0.0
0.0
0.0
0.0
0.0
0.0
0.0
0.0
0.0
0.0
0.0
0.0
0.0
0.0
0.0
0.0
0.0
0.0
0.0
0.0
0.3050061851000413
0.41892841848692364
0.46702032304404495
0.2738972037842353
0.02019674420819232
0.12042664795782289
0.19009334060632385
0.1305502061957875
0.11993320432681909
0.3377834047839923
0.4917027804625565
0.0
0.0
0.0
0.0
0.0
0.0
0.0
0.0
0.0
0.0
0.0
0.0
0.0
0.0
0.0
0.0
0.0
0.0
0.0
0.0
0.0
0.0
0.0
0.0
0.0
0.02537526575931382
0.00657891356960045
0.15298266684537856
0.028289974639662364
0.09172398275414993
0.4180472495823386
0.6993852947167088
0.25945043899541226
0.08407792204894869
0.22122187394081866
0.42363836891995865
0.0
0.0
0.0
0.0
0.0
0.0
0.0
0.0
0.0
0.0
0.0
0.0
0.0
0.0
0.0
0.0
0.0
0.0
0.0
0.0
0.0
0.0
0.0
0.0
0.0
0.004850591389173634
0.0067221966535305705
0.5955337341059783
0.501782645672309
0.21969448585306975
0.22352535171102117
0.3195046431545563
0.2516551302041471
0.20019593950615655
0.1620151566489751
0.25202169583847883
0.0
0.0
0.0
0.0
0.0
0.0
0.0
0.0
0.0
0.0
0.0
0.0
0.0
0.0
0.0
0.0
0.0
0.0
0.0
0.0
0.0
0.0
0.0
0.0
0.0
0.013608986163147502
0.10770492507061638
0.11635589850778545
0.29663704195248686
0.6918602812571499
0.5857429056486496
0.2032281445045007
0.14515513947515304
0.04442934970757445
0.01915030157671349
0.01429755698056879
0.0
0.0
0.0
0.0
0.0
0.0
0.0
0.0
0.0
0.0
0.0
0.0
0.0
0.0
0.0
0.0
0.0
0.0
0.0
0.0
0.0
0.0
0.0
0.0
0.0
0.7443198832740544
0.2875338537727504
0.2989487190138318
0.25373569389358214
0.28553334828576477
0.05986825580800438
0.07719630870313944
0.08281343958640092
0.09208992823840977
0.2394234078335139
0.21406796899573308
0.0
0.0
0.0
0.0
0.0
0.0
0.0
0.0
0.0
0.0
0.0
0.0
0.0
0.0
0.0
0.0
0.0
0.0
0.0
0.0
0.0
0.0
0.0
0.0
0.0
0.6524105118465289
0.23911417049685105
0.23811927113721798
0.31121420850506337
0.20778720438114634
0.14397563413901424
0.23889732885473053
0.14270819345635702
0.28612774130388724
0.34006879995486694
0.1573909967159064
0.0
0.0
0.0
0.0
0.0
0.0
0.0
0.0
0.0
0.0
0.0
0.0
0.0
0.0
0.0
0.0
0.0
0.0
0.0
0.0
0.0
0.0
0.0
0.0
0.0
0.528550885965662
0.40338142379938
0.35679079801227676
0.2697403313444451
0.3641153325154175
0.1538356952919337
0.032834085261776516
0.3350634594610325
0.1426521597175734
0.2024311050941776
0.16413068408123485
0.0
0.0
0.0
0.0
0.0
0.0
0.0
0.0
0.0
0.0
0.0
0.0
0.0
0.0
0.0
0.0
0.0
0.0
0.0
0.0
0.0
0.0
0.0
0.0
0.0
0.33577814450220445
0.19388958389682037
0.6316181097633662
0.3889124121574364
0.10535829127129662
0.17471884836287407
0.0697675340687695
0.05536606934047624
0.1378764341754834
0.1794783382811217
0.44573896514619904
0.0
0.0
0.0
0.0
0.0
0.0
0.0
0.0
0.0
0.0
0.0
0.0
0.0
0.0
0.0
0.0
0.0
0.0
0.0
0.0
0.0
0.0
0.0
0.0
0.0
0.43759946593373933
0.2489681718369875
0.5394869943852075
0.22512860963705225
0.3408970677245206
0.2340387489461544
0.1100489709607651
0.18074153419731276
0.14526757320635714
0.2561836491755633
0.31983823086617613
0.0
0.0
0.0
0.0
0.0
0.0
0.0
0.0
0.0
0.0
0.0
0.0
0.0
0.0
0.0
0.0
0.0
0.0
0.0
0.0
0.0
0.0
0.0
0.0
0.0
0.19441274927320348
0.13920030222587945
0.8068470778818472
0.19155406694279356
0.017572630843520273
0.028849241156759974
0.008159562625695142
0.011048646696333392
0.026748149851302274
0.1476842319268094
0.48091160115454973
0.0
0.0
0.0
0.0
0.0
0.0
0.0
0.0
0.0
0.0
0.0
0.0
0.0
0.0
0.0
0.0
0.0
0.0
0.0
0.0
0.0
0.0
0.0
0.0
0.0
0.14471107475275674
0.05193382295632289
0.6780770699709486
0.09110586899999241
0.02352487815542893
0.0
0.0
0.03351101721947332
0.07529332697001301
0.2276915965448884
0.6701371757332432
0.0
0.0
0.0
0.0
0.0
0.0
0.0
0.0
0.0
0.0
0.0
0.0
0.0
0.0
0.0
0.0
0.0
0.0
0.0
0.0
0.0
0.0
0.0
0.0
0.0
0.13701127247008923
0.08035411429608862
0.7154946901486371
0.08397741932581493
0.010037939500742906
0.0379933521691853
0.035211248277328494
0.01297462362093411
0.04965918581978682
0.09623785169392374
0.6641581755933819
0.0
0.0
0.0
0.0
0.0
0.0
0.0
0.0
0.0
0.0
0.0
0.0
0.0
0.0
0.0
0.0
0.0
0.0
0.0
0.0
0.0
0.0
0.0
0.0
0.0
0.46563339398127535
0.08610620522404709
0.704432705883004
0.18482711692714504
0.08693535382886271
0.00864927693982602
0.008635962181824247
0.015728322938994847
0.0758946282690682
0.13883688427552962
0.4608628459796841
0.0
0.0
0.0
0.0
0.0
0.0
0.0
0.0
0.0
0.0
0.0
0.0
0.0
0.0
0.0
0.0
0.0
0.0
0.0
0.0
0.0
0.0
0.0
0.0
0.0
0.4457654941054841
0.37559146723646275
0.07422928851169532
0.08977718483933309
0.13418260754721628
0.1575441168873073
0.41149864570777595
0.5863964123798903
0.15834660286434482
0.08168538644028747
0.24267485657055035
0.0
0.0
0.0
0.0
0.0
0.0
0.0
0.0
0.0
0.0
0.0
0.0
0.0
0.0
0.0
0.0
0.0
0.0
0.0
0.0
0.0
0.0
0.0
0.0
0.0
0.18904485761140605
0.48194984592400675
0.2603068961228306
0.1671512196209461
0.26171762039654434
0.35702833781694804
0.2670474471213109
0.36318432176596444
0.0977696482481343
0.36049991209574794
0.3123868583568395
0.0
0.0
0.0
0.0
0.0
0.0
0.0
0.0
0.0
0.0
0.0
0.0
0.0
0.0
0.0
0.0
0.0
0.0
0.0
0.0
0.0
0.0
0.0
0.0
0.0
0.1580916480451568
0.1341818561653106
0.716095238073075
0.12373006098582705
0.09115597833051772
0.03044735731443774
0.001812868931259407
0.03184182238846249
0.047845377630964886
0.21825314483915398
0.6072260574279319
0.0
0.0
0.0
0.0
0.0
0.0
0.0
0.0
0.0
0.0
0.0
0.0
0.0
0.0
0.0
0.0
0.0
0.0
0.0
0.0
0.0
0.0
0.0
0.0
0.0
0.1016002720943128
0.13278827922125502
0.5059458454385555
0.1185414557285462
0.06688994398780669
0.06875332934112283
0.027018689631378795
0.009126348377355176
0.07623150136109207
0.23188654773092732
0.795244732660598
0.0
0.0
0.0
0.0
0.0
0.0
0.0
0.0
0.0
0.0
0.0
0.0
0.0
0.0
0.0
0.0
0.0
0.0
0.0
0.0
0.0
0.0
0.0
0.0
0.0
0.19436476094326188
0.14694329369087408
0.7174836151726498
0.3824755262432808
0.12576848737449048
0.023579451303655758
0.0020511135261188002
0.011499279920825977
0.015415279807863053
0.12893157810596564
0.4961739773470227
0.0
0.0
0.0
0.0
0.0
0.0
0.0
0.0
0.0
0.0
0.0
0.0
0.0
0.0
0.0
0.0
0.0
0.0
0.0
0.0
0.0
0.0
0.0
0.0
0.0
0.43196739449365307
0.2659795195372553
0.5288921770937879
0.3381996386577085
0.16977256235388685
0.026567926372808016
0.02885563871094989
0.009459719105337548
0.013206685268982783
0.23822008474086875
0.5110569416231613
0.0
0.0
0.0
0.0
0.0
0.0
0.0
0.0
0.0
0.0
0.0
0.0
0.0
0.0
0.0
0.0
0.0
0.0
0.0
0.0
0.0
0.0
0.0
0.0
0.0
0.31667315978510807
0.1321481127696825
0.6479966501868437
0.4322537134069966
0.11066367535400055
0.1429107634983202
0.054100692649278116
0.02772311953254758
0.19294575667051916
0.2783480304647957
0.35276191972285215
0.0
0.0
0.0
0.0
0.0
0.0
0.0
0.0
0.0
0.0
0.0
0.0
0.0
0.0
0.0
0.0
0.0
0.0
0.0
0.0
0.0
0.0
0.0
0.0
0.0
0.7104217404254806
0.168661667561999
0.5575011633557425
0.2488242052145102
0.04193349011036576
0.03526273555446009
0.0190170111158927
0.021395279628825828
0.03832047948232511
0.1039957233941679
0.2793354756141238
0.0
0.0
0.0
0.0
0.0
0.0
0.0
0.0
0.0
0.0
0.0
0.0
0.0
0.0
0.0
0.0
0.0
0.0
0.0
0.0
0.0
0.0
0.0
0.0
0.0
0.5655480066225022
0.07598655799814029
0.6217351750383463
0.09423440511273631
0.053322037913585536
0.005634318336318582
0.0003102550534832429
0.006957605537525967
0.01996562082283479
0.13994499392976034
0.5060039793102089
0.0
0.0
0.0
0.0
0.0
0.0
0.0
0.0
0.0
0.0
0.0
0.0
0.0
0.0
0.0
0.0
0.0
0.0
0.0
0.0
0.0
0.0
0.0
0.0
0.0
0.6051423551780545
0.07102539545337744
0.4723470937838161
0.1431881833806323
0.004271766041566441
0.02147614754457481
0.03020610847006003
0.018776680130698564
0.015308115437431026
0.09689707896354818
0.6113719509352438
0.0
0.0
0.0
0.0
0.0
0.0
0.0
0.0
0.0
0.0
0.0
0.0
0.0
0.0
0.0
0.0
0.0
0.0
0.0
0.0
0.0
0.0
0.0
0.0
0.0
0.6242175355179006
0.16378048103334797
0.368600548673881
0.07978845558532667
0.023932769394920617
0.00788911992685701
0.016843463774742082
0.03226174902466757
0.08751129211421024
0.38229934846494484
0.5343456781772017
0.0
0.0
0.0
0.0
0.0
0.0
0.0
0.0
0.0
0.0
0.0
0.0
0.0
0.0
0.0
0.0
0.0
0.0
0.0
0.0
0.0
0.0
0.0
0.0
0.0
0.13688132251624088
0.1655521700259425
0.637637338869842
0.18785144694510586
0.04608708529955911
0.03093083955212392
0.18484888837088342
0.1944122884335068
0.05999553068858347
0.33106631183116375
0.5689781087886566
0.0
0.0
0.0
0.0
0.0
0.0
0.0
0.0
0.0
0.0
0.0
0.0
0.0
0.0
0.0
0.0
0.0
0.0
0.0
0.0
0.0
0.0
0.0
0.0
0.0
0.6800897090105309
0.43670692557881213
0.4297635753947951
0.3121134080624349
0.16699158378460066
0.03648543669262295
0.014490305451086634
0.05137487600599179
0.027933480392425127
0.06223662963717778
0.16713209818386396
0.0
0.0
0.0
0.0
0.0
0.0
0.0
0.0
0.0
0.0
0.0
0.0
0.0
0.0
0.0
0.0
0.0
0.0
0.0
0.0
0.0
0.0
0.0
0.0
0.0
0.6670027485964252
0.11524764636561964
0.6025772991588098
0.314523757201272
0.1071554272114081
0.04869297644859226
0.021918714523959586
0.024306081077715917
0.03287035952949042
0.019284518245336505
0.25184093735311164
0.0
0.0
0.0
0.0
0.0
0.0
0.0
0.0
0.0
0.0
0.0
0.0
0.0
0.0
0.0
0.0
0.0
0.0
0.0
0.0
0.0
0.0
0.0
0.0
0.0
0.5916764334648336
0.13862785192434912
0.6315092053123362
0.3014365607479757
0.22910674987679958
0.06034011181690026
0.06327530541041732
0.07828119113036668
0.13915576951378078
0.07077506930255613
0.22449378718993024
0.0
0.0
0.0
0.0
0.0
0.0
0.0
0.0
0.0
0.0
0.0
0.0
0.0
0.0
0.0
0.0
0.0
0.0
0.0
0.0
0.0
0.0
0.0
0.0
0.0
0.46429103171146374
0.24750384946581167
0.5459128544415215
0.28153493990077955
0.1191925384544165
0.03415938569230423
0.034017430747121186
0.036725729020847885
0.048241075208473816
0.1628480760320453
0.5469611764257537
0.0
0.0
0.0
0.0
0.0
0.0
0.0
0.0
0.0
0.0
0.0
0.0
0.0
0.0
0.0
0.0
0.0
0.0
0.0
0.0
0.0
0.0
0.0
0.0
0.0
0.4401564323433333
0.28145764452285355
0.6393204099323672
0.26456140699887104
0.18267675448184315
0.038919416073192034
0.02226911666122571
0.0531067562490218
0.12285121113347305
0.16515645973334675
0.40957264290580686
0.0
0.0
0.0
0.0
0.0
0.0
0.0
0.0
0.0
0.0
0.0
0.0
0.0
0.0
0.0
0.0
0.0
0.0
0.0
0.0
0.0
0.0
0.0
0.0
0.0
0.35733622165931994
0.23836528892939435
0.6454899912764007
0.15522972295977389
0.12879454780171035
0.13315723388009368
0.06165214046987284
0.021366163162768178
0.09843605566242584
0.10549551011520544
0.5615548721683111
0.0
0.0
0.0
0.0
0.0
0.0
0.0
0.0
0.0
0.0
0.0
0.0
0.0
0.0
0.0
0.0
0.0
0.0
0.0
0.0
0.0
0.0
0.0
0.0
0.0
0.6488089520973378
0.28957674432450387
0.5196214043322893
0.3215448531572507
0.12105015691724869
0.050624804734824266
0.0033512856320662295
0.07391309267676678
0.07661304061242603
0.1477308672074279
0.26722724701327816
0.0
0.0
0.0
0.0
0.0
0.0
0.0
0.0
0.0
0.0
0.0
0.0
0.0
0.0
0.0
0.0
0.0
0.0
0.0
0.0
0.0
0.0
0.0
0.0
0.0
0.8743991549225176
0.13252987365580654
0.3291097926148834
0.2160989115668778
0.10361180129693341
0.06684227477759105
0.03665638025200807
0.03514663733502022
0.08964129066096994
0.11296598203724073
0.15579091693864025
0.0
0.0
0.0
0.0
0.0
0.0
0.0
0.0
0.0
0.0
0.0
0.0
0.0
0.0
0.0
0.0
0.0
0.0
0.0
0.0
0.0
0.0
0.0
0.0
0.0
0.7974368280795899
0.24173649478573822
0.4371173580998544
0.19695098574746683
0.08589887854180579
0.025299277640535477
0.0019662430029037826
0.0658286429892471
0.07026438389605791
0.13117021650372362
0.2032191927373517
0.0
0.0
0.0
0.0
0.0
0.0
0.0
0.0
0.0
0.0
0.0
0.0
0.0
0.0
0.0
0.0
0.0
0.0
0.0
0.0
0.0
0.0
0.0
0.0
0.0
0.7978776732783384
0.17271115717523491
0.41507944362560445
0.19420024416179663
0.08319128926282152
0.08511943891496343
0.012328449981571394
0.030088340270011667
0.03347161073238407
0.19090893046711122
0.26602146242627966
0.0
0.0
0.0
0.0
0.0
0.0
0.0
0.0
0.0
0.0
0.0
0.0
0.0
0.0
0.0
0.0
0.0
0.0
0.0
0.0
0.0
0.0
0.0
0.0
0.0
0.9548934325274299
0.28131682704872485
0.0672225135197967
0.03431045853844679
0.021251312165097104
0.017255156540965974
0.0067277144840045865
0.012544787113868824
0.01604437217991385
0.022331492150261836
0.040437501208357325
0.0
0.0
0.0
0.0
0.0
0.0
0.0
0.0
0.0
0.0
0.0
0.0
0.0
0.0
0.0
0.0
0.0
0.0
0.0
0.0
0.0
0.0
0.0
0.0
0.0
0.575863438228071
0.41821762144175306
0.39576569793226335
0.360977794780425
0.16338317330482321
0.08505493062605961
0.10675937593296662
0.1807221368852662
0.0984913778511502
0.2670528946216943
0.2180266221212956
0.0
0.0
0.0
0.0
0.0
0.0
0.0
0.0
0.0
0.0
0.0
0.0
0.0
0.0
0.0
0.0
0.0
0.0
0.0
0.0
0.0
0.0
0.0
0.0
0.0
0.6907919300450751
0.3605686334108539
0.3207204049913539
0.329685974420275
0.12441152641357682
0.03206601121160765
0.02742322835533296
0.1008842059987943
0.09072727502511557
0.2683370519849745
0.2712379485305851
0.0
0.0
0.0
0.0
0.0
0.0
0.0
0.0
0.0
0.0
0.0
0.0
0.0
0.0
0.0
0.0
0.0
0.0
0.0
0.0
0.0
0.0
0.0
0.0
0.0
0.4391068001271392
0.2095976472202154
0.6283101509747793
0.19785370700300164
0.0509428494990412
0.0430459710851814
0.025223981421225155
0.03687342763382532
0.02961282144094956
0.09785193694480335
0.558961859133142
0.0
0.0
0.0
0.0
0.0
0.0
0.0
0.0
0.0
0.0
0.0
0.0
0.0
0.0
0.0
0.0
0.0
0.0
0.0
0.0
0.0
0.0
0.0
0.0
0.0
0.38714348853245595
0.19965534405388996
0.4043916411949796
0.08060189392755501
0.04307582748250695
0.03193548800068006
0.10317158772489651
0.12903005222004232
0.12494713312871848
0.3108746614817463
0.7055529914041622
0.0
0.0
0.0
0.0
0.0
0.0
0.0
0.0
0.0
0.0
0.0
0.0
0.0
0.0
0.0
0.0
0.0
0.0
0.0
0.0
0.0
0.0
0.0
0.0
0.0
0.34758370695381324
0.1438359125298567
0.6831753274436126
0.18875756030348437
0.0754320176438714
0.03173687202333951
0.007923962736920595
0.01684932338746114
0.03458789840335411
0.10848384869212853
0.5797670885526344
0.0
0.0
0.0
0.0
0.0
0.0
0.0
0.0
0.0
0.0
0.0
0.0
0.0
0.0
0.0
0.0
0.0
0.0
0.0
0.0
0.0
0.0
0.0
0.0
0.0
0.444406044318613
0.10687234205570773
0.5992546545248177
0.18456963376686725
0.031403682372648185
0.006484982550855566
0.0002507831745071504
0.0
0.03068941805003001
0.2748908282268127
0.5660162211608395
0.0
0.0
0.0
0.0
0.0
0.0
0.0
0.0
0.0
0.0
0.0
0.0
0.0
0.0
0.0
0.0
0.0
0.0
0.0
0.0
0.0
0.0
0.0
0.0
0.0
0.709173147018215
0.43884061264577023
0.3260103333059043
0.14645274179670256
0.14825550500220408
0.13771451733101878
0.08380005531297859
0.15484395459154282
0.13756692319862704
0.15548007112328
0.24843193790845527
0.0
0.0
0.0
0.0
0.0
0.0
0.0
0.0
0.0
0.0
0.0
0.0
0.0
0.0
0.0
0.0
0.0
0.0
0.0
0.0
0.0
0.0
0.0
0.0
0.0
0.6155342596511423
0.40416993516321276
0.4077723657553037
0.34272650715050795
0.1373700320945605
0.09735556847500347
0.04225287075763525
0.07479628065563278
0.08492885996328463
0.1471910430023313
0.3307838300399728
0.0
0.0
0.0
0.0
0.0
0.0
0.0
0.0
0.0
0.0
0.0
0.0
0.0
0.0
0.0
0.0
0.0
0.0
0.0
0.0
0.0
0.0
0.0
0.0
0.0
0.7490535463109653
0.3374993730857048
0.37142071060988396
0.17668950290798982
0.11557974404380202
0.11949148501617371
0.10972436824842756
0.2423681529252143
0.1234783339614785
0.15170853339434823
0.13841750030554206
0.0
0.0
0.0
0.0
0.0
0.0
0.0
0.0
0.0
0.0
0.0
0.0
0.0
0.0
0.0
0.0
0.0
0.0
0.0
0.0
0.0
0.0
0.0
0.0
0.0
0.7516503808791182
0.3516692761655901
0.3471591053264859
0.16219203690582215
0.07613823748037975
0.07228412989668447
0.09165386754014318
0.1419399934965181
0.14945042602317204
0.18401650235189934
0.2622170876811225
0.0
0.0
0.0
0.0
0.0
0.0
0.0
0.0
0.0
0.0
0.0
0.0
0.0
0.0
0.0
0.0
0.0
0.0
0.0
0.0
0.0
0.0
0.0
0.0
0.0
0.4652637341296801
0.23747121646378444
0.4333605362792176
0.5453930897847787
0.251564483585393
0.07397893360805911
0.08251972384812464
0.07223524436503953
0.16453759604932727
0.12419221602340004
0.34438462198449704
0.0
0.0
0.0
0.0
0.0
0.0
0.0
0.0
0.0
0.0
0.0
0.0
0.0
0.0
0.0
0.0
0.0
0.0
0.0
0.0
0.0
0.0
0.0
0.0
0.0
0.670639726127859
0.611690327622119
0.14275128139256796
0.09444774467866607
0.11424556466619988
0.16252557408755183
0.07254867471756976
0.15747699332740223
0.1445482766509293
0.1705122883204878
0.16517090045902152
0.0
0.0
0.0
0.0
0.0
0.0
0.0
0.0
0.0
0.0
0.0
0.0
0.0
0.0
0.0
0.0
0.0
0.0
0.0
0.0
0.0
0.0
0.0
0.0
0.0
0.5713889810415316
0.5873618580419407
0.23455624986363793
0.2887376274401697
0.1892249644974794
0.06461647615936021
0.04328809588544318
0.06743822070094439
0.10764159609363189
0.1400396388366923
0.33546037846495336
0.0
0.0
0.0
0.0
0.0
0.0
0.0
0.0
0.0
0.0
0.0
0.0
0.0
0.0
0.0
0.0
0.0
0.0
0.0
0.0
0.0
0.0
0.0
0.0
0.0
0.8416713078036437
0.2650407415329183
0.09294878606904858
0.11237576800692371
0.11082789574046281
0.13686707132142314
0.111854492447344
0.118970200577626
0.28504635380466
0.2400885114183111
0.05916378922991022
0.0
0.0
0.0
0.0
0.0
0.0
0.0
0.0
0.0
0.0
0.0
0.0
0.0
0.0
0.0
0.0
0.0
0.0
0.0
0.0
0.0
0.0
0.0
0.0
0.0
0.8739537039708569
0.17419332293045267
0.22551756187887112
0.23694490505587493
0.181553894044558
0.12245296157545703
0.04615860479105517
0.09522335085062486
0.06793496227241537
0.10485067594557494
0.15523234161836075
0.0
0.0
0.0
0.0
0.0
0.0
0.0
0.0
0.0
0.0
0.0
0.0
0.0
0.0
0.0
0.0
0.0
0.0
0.0
0.0
0.0
0.0
0.0
0.0
0.0
0.7964859179063559
0.22006464905964265
0.18866786570090405
0.44113853269682857
0.2595059050867242
0.05596947878386574
0.04396503815779659
0.052782065602783555
0.049109392252809456
0.037799246358751724
0.08914976410860677
0.0
0.0
0.0
0.0
0.0
0.0
0.0
0.0
0.0
0.0
0.0
0.0
0.0
0.0
0.0
0.0
0.0
0.0
0.0
0.0
0.0
0.0
0.0
0.0
0.0
0.3773027160414979
0.11620873295384566
0.23828618197558968
0.7679567360997251
0.4363834017177831
0.008120334577340956
0.00879796407086253
0.022918122160270817
0.010363670782591067
0.05666158329642364
0.056421090863249354
0.0
0.0
0.0
0.0
0.0
0.0
0.0
0.0
0.0
0.0
0.0
0.0
0.0
0.0
0.0
0.0
0.0
0.0
0.0
0.0
0.0
0.0
0.0
0.0
0.0
